12
Viburnum_opulus          0.0000000 0.1794449 0.1979347 0.1979347 0.1979347 0.1979347 0.1981053 0.2360433 0.2170522 0.2366698 0.2000014 0.3423028 
Viburnum_cotinifolium    0.1794449 0.0000000 0.0146505 0.0146505 0.0146505 0.0448391 0.0448391 0.1091263 0.0604015 0.1434618 0.0609271 0.2990796 
Viburnum_carlesii        0.1979347 0.0146505 0.0000000 0.0295702 0.0295702 0.0603542 0.0604015 0.1259943 0.0762332 0.1611022 0.0769647 0.2988031 
Viburnum_rhytidophyllum  0.1979347 0.0146505 0.0295702 0.0000000 0.0000010 0.0603542 0.0604015 0.1259943 0.0448043 0.1611022 0.0452251 0.2988031 
Viburnum_utile           0.1979347 0.0146505 0.0295702 0.0000010 0.0000000 0.0603542 0.0604015 0.1259943 0.0448043 0.1611022 0.0452251 0.2988031 
Viburnum_cinnamomifolium 0.1979347 0.0448391 0.0603542 0.0603542 0.0603542 0.0000000 0.0000010 0.1259943 0.0146394 0.1259943 0.0769647 0.3432827 
Viburnum_davidii         0.1981053 0.0448391 0.0604015 0.0604015 0.0604015 0.0000010 0.0000000 0.1260976 0.0146505 0.1260976 0.0769647 0.3210146 
Viburnum_dentatum        0.2360433 0.1091263 0.1259943 0.1259943 0.1259943 0.1259943 0.1260976 0.0000000 0.1433428 0.2366698 0.1447835 0.3894138 
Viburnum_propinquum      0.2170522 0.0604015 0.0762332 0.0448043 0.0448043 0.0146394 0.0146505 0.1433428 0.0000000 0.1433428 0.0609271 0.3207132 
Viburnum_tinus           0.2366698 0.1434618 0.1611022 0.1611022 0.1611022 0.1259943 0.1260976 0.2366698 0.1433428 0.0000000 0.1627415 0.3432827 
Viburnum_furcatum        0.2000014 0.0609271 0.0769647 0.0452251 0.0452251 0.0769647 0.0769647 0.1447835 0.0609271 0.1627415 0.0000000 0.2596101 
Viburnum_japonicum       0.3423028 0.2990796 0.2988031 0.2988031 0.2988031 0.3432827 0.3210146 0.3894138 0.3207132 0.3432827 0.2596101 0.0000000 
