115
Viburnum_acerifolium        0.0000000 0.0339454 0.4882306 0.4785981 1.6386133 0.4875577 0.4804518 0.4812390 0.5040331 0.4775682 0.4849514 0.4786174 0.4775682 0.4710204 1.6479781 1.6575183 0.4760466 1.6677953 0.0295044 0.4695307 0.4874904 0.4761358 0.4823984 0.4957648 0.4825570 0.4823753 0.4732325 1.6754071 1.6721054 0.4848639 0.4886822 0.4850019 1.6573041 1.6544545 1.6489772 0.4776463 0.6748844 0.4949350 0.4837248 0.4837035 0.4837248 0.4807872 0.4721072 0.4889376 0.4837018 0.4607480 0.4869317 0.4760831 0.4762183 0.4812705 0.4720839 0.4888591 0.4824846 0.4503163 0.4936820 0.4554012 0.0111664 0.0094159 0.0170859 0.0119590 0.0086092 0.0050547 0.0058284 0.0088384 0.0053975 0.0102694 0.0136266 0.0180059 0.0119490 0.0148881 0.0077897 0.0119340 0.0215728 0.0111404 0.0094643 0.0127665 0.0153395 0.0119340 0.0127862 0.0206839 0.0110885 0.0127665 0.0102493 0.0053874 0.0206839 0.0110900 0.0046053 0.0144695 0.0094537 0.0054080 0.0047306 0.0128175 0.0086092 0.0188534 0.0111109 0.0078045 0.0102524 0.0119590 0.0053975 0.0046053 0.0179200 0.0215728 0.0119130 0.0110900 0.0102698 0.0077897 0.0078128 0.0085931 0.0136482 0.0096398 0.0102676 0.0110885 0.0085931 0.0050254 0.0153395 
Viburnum_acutifolium        0.0339454 0.0000000 0.5211249 0.5151074 1.7352839 0.5190280 0.5154491 0.5148465 0.5584329 0.5132880 0.4941973 0.5025204 0.5132880 0.5110180 1.7307214 1.7506294 0.5025204 1.7535915 0.0139149 0.5090840 0.5151190 0.5029685 0.4983691 0.5205878 0.5112017 0.5026614 0.5231969 1.7662354 1.7687739 0.5107310 0.5211249 0.5154735 1.7636230 1.7307047 1.7324763 0.5153163 1.0634104 0.5190280 0.4922147 0.5133092 0.4922147 0.5233745 0.5133287 0.5211249 0.5048537 0.5110758 0.5190280 0.5003580 0.5132026 0.5152049 0.5086137 0.5153921 0.5152049 0.5089588 0.5169595 0.5131841 0.0000010 0.0089715 0.0186976 0.0090288 0.0103019 0.0063308 0.0102636 0.0103019 0.0063308 0.0130761 0.0144463 0.0201843 0.0037294 0.0150946 0.0103019 0.0144463 0.0216314 0.0000010 0.0131173 0.0144463 0.0158749 0.0144463 0.0144433 0.0201843 0.0000010 0.0144463 0.0012356 0.0089715 0.0201843 0.0012356 0.0076558 0.0144030 0.0103662 0.0076328 0.0089740 0.0130761 0.0103019 0.0186967 0.0116775 0.0117135 0.0144526 0.0090288 0.0063308 0.0076558 0.0201843 0.0216314 0.0037294 0.0012356 0.0130769 0.0103019 0.0103019 0.0089448 0.0144868 0.0000010 0.0012321 0.0000010 0.0089448 0.0063308 0.0158749 
Viburnum_adenophorum        0.4882306 0.5211249 0.0000000 0.0131765 0.0101691 0.0004123 0.0154974 0.0072361 0.0000010 0.0130757 0.0158645 0.0112407 0.0130757 0.0126124 0.0125097 0.0103193 0.0121650 0.0095483 0.3514378 0.0126418 0.0072195 0.0112739 0.0144764 0.0012443 0.0130917 0.0130614 0.0004207 0.0136656 0.0147566 0.0046143 0.0000010 0.0103854 0.0111522 0.0111024 0.0104905 0.0150237 0.0059088 0.0004107 0.0154164 0.0099271 0.0154164 0.0160149 0.0145508 0.0000010 0.0130759 0.0124560 0.0004116 0.0112500 0.0149388 0.0121664 0.0068162 0.0154775 0.0126198 0.0134238 0.0008235 0.0148957 0.0161781 0.0151939 0.0045734 0.0169523 0.0169493 0.0121082 0.0174340 0.0138598 0.0160930 0.0169472 0.0101805 0.0007499 0.0152625 0.0071361 0.0160659 0.0085506 0.0000010 0.0161399 0.0170052 0.0093548 0.0118340 0.0085506 0.0118561 0.0007478 0.0187307 0.0093548 0.0196380 0.0178354 0.0007478 0.0205536 0.0169780 0.0069432 0.0178735 0.0152161 0.0130570 0.0160689 0.0169493 0.0037938 0.0151609 0.0160947 0.0187724 0.0169523 0.0160930 0.0169780 0.0007813 0.0000010 0.0178640 0.0205536 0.0187380 0.0160659 0.0135093 0.0143771 0.0118795 0.0201075 0.0178654 0.0187307 0.0143771 0.0143091 0.0118340 
Viburnum_amplificatum       0.4785981 0.5151074 0.0131765 0.0000000 0.0059878 0.0126704 0.0072811 0.0117809 0.0132336 0.0098997 0.0154665 0.0103756 0.0098997 0.0094443 0.0189316 0.0044594 0.0099173 0.0085329 0.3442658 0.0098992 0.0126595 0.0103895 0.0140745 0.0117973 0.0117525 0.0126707 0.0139331 0.0086062 0.0096374 0.0126705 0.0131276 0.0094812 0.0133403 0.0177837 0.0167851 0.0081651 0.0155294 0.0126704 0.0140610 0.0090270 0.0140610 0.0117985 0.0059579 0.0131383 0.0126849 0.0125294 0.0126807 0.0090181 0.0107914 0.0108147 0.0117665 0.0068176 0.0112641 0.0092244 0.0122027 0.0065260 0.0110743 0.0085479 0.0161122 0.0110535 0.0061543 0.0050135 0.0083878 0.0046868 0.0069414 0.0045891 0.0135317 0.0152373 0.0118508 0.0139188 0.0053588 0.0118508 0.0160850 0.0110486 0.0069553 0.0126776 0.0135048 0.0118508 0.0126971 0.0152373 0.0110305 0.0126776 0.0118745 0.0085471 0.0152373 0.0127263 0.0077490 0.0135311 0.0069427 0.0077487 0.0071456 0.0053801 0.0061543 0.0169354 0.0069817 0.0101781 0.0061655 0.0110535 0.0069414 0.0077490 0.0150100 0.0160850 0.0118508 0.0127263 0.0061538 0.0053588 0.0053588 0.0069556 0.0118494 0.0106988 0.0102138 0.0110305 0.0069556 0.0062735 0.0135048 
Viburnum_amplifolium        1.6386133 1.7352839 0.0101691 0.0059878 0.0000000 0.0101691 0.0049467 0.0101673 0.0101691 0.0122384 0.0189264 0.0112280 0.0122384 0.0111514 0.0200992 0.0033130 0.0090989 0.0112292 1.7681764 0.0133366 0.0122948 0.0112635 0.0178120 0.0101691 0.0167884 0.0178497 0.0112515 0.0039253 0.0049470 0.0123206 0.0101691 0.0091620 0.0133366 0.0178541 0.0178120 0.0039253 0.0150541 0.0101691 0.0189753 0.0080950 0.0189753 0.0155331 0.0000010 0.0101691 0.0156018 0.0156442 0.0101691 0.0090989 0.0133031 0.0134276 0.0112249 0.0029336 0.0134276 0.0122384 0.0101691 0.0039253 9.0000000 9.0000000 9.0000000 9.0000000 9.0000000 9.0000000 9.0000000 9.0000000 9.0000000 9.0000000 9.0000000 9.0000000 9.0000000 9.0000000 9.0000000 9.0000000 9.0000000 9.0000000 9.0000000 9.0000000 9.0000000 9.0000000 9.0000000 9.0000000 9.0000000 9.0000000 9.0000000 9.0000000 9.0000000 9.0000000 9.0000000 9.0000000 9.0000000 9.0000000 9.0000000 9.0000000 9.0000000 9.0000000 9.0000000 9.0000000 9.0000000 9.0000000 9.0000000 9.0000000 9.0000000 9.0000000 9.0000000 9.0000000 9.0000000 9.0000000 9.0000000 9.0000000 9.0000000 9.0000000 9.0000000 9.0000000 9.0000000 9.0000000 9.0000000 
Viburnum_annamensis         0.4875577 0.5190280 0.0004123 0.0126704 0.0101691 0.0000000 0.0150932 0.0068186 0.0004280 0.0126248 0.0154053 0.0107955 0.0126248 0.0121573 0.0125195 0.0103193 0.0117165 0.0095557 0.3500437 0.0121796 0.0067869 0.0108274 0.0140209 0.0016621 0.0126402 0.0126109 0.0008427 0.0136763 0.0147683 0.0041899 0.0004110 0.0108381 0.0111522 0.0111024 0.0104986 0.0145931 0.0053066 0.0000010 0.0149580 0.0103779 0.0149580 0.0155513 0.0141459 0.0004112 0.0126250 0.0119922 0.0000010 0.0108045 0.0144821 0.0117179 0.0063624 0.0154822 0.0121701 0.0129558 0.0012375 0.0144214 0.0153254 0.0143535 0.0038008 0.0160992 0.0160964 0.0112087 0.0165118 0.0130068 0.0152451 0.0160945 0.0093711 0.0000010 0.0144182 0.0063251 0.0152193 0.0077516 0.0007478 0.0152892 0.0161494 0.0085513 0.0110141 0.0077516 0.0110346 0.0000010 0.0178654 0.0085513 0.0187663 0.0169764 0.0000010 0.0196753 0.0161237 0.0061546 0.0170127 0.0143745 0.0122054 0.0152222 0.0160964 0.0045646 0.0143223 0.0169459 0.0179053 0.0160992 0.0152451 0.0161237 0.0000010 0.0007478 0.0170037 0.0196753 0.0178724 0.0152193 0.0126786 0.0152175 0.0110564 0.0189168 0.0170050 0.0178654 0.0152175 0.0129483 0.0110141 
Viburnum_awabuki            0.4804518 0.5154491 0.0154974 0.0072811 0.0049467 0.0150932 0.0000000 0.0140939 0.0151380 0.0117547 0.0164528 0.0118003 0.0117547 0.0103722 0.0245126 0.0044460 0.0113226 0.0168417 0.3399781 0.0117700 0.0150504 0.0122652 0.0150479 0.0141487 0.0127293 0.0150637 0.0153936 0.0037079 0.0046709 0.0141042 0.0154974 0.0108690 0.0166690 0.0212410 0.0222667 0.0037704 0.0169034 0.0150313 0.0150335 0.0104074 0.0150335 0.0137031 0.0042026 0.0154974 0.0150807 0.0125767 0.0150665 0.0108589 0.0126617 0.0126884 0.0141879 0.0020768 0.0131456 0.0101730 0.0145524 0.0038621 0.0086306 0.0085918 0.0144380 0.0111105 0.0038128 0.0050356 0.0084177 0.0039029 0.0061737 0.0007514 0.0136011 0.0143976 0.0094038 0.0122269 0.0045968 0.0119116 0.0161047 0.0086107 0.0045997 0.0127426 0.0118646 0.0119116 0.0127623 0.0152561 0.0085906 0.0127426 0.0094159 0.0077746 0.0152561 0.0102489 0.0069782 0.0118877 0.0045873 0.0053767 0.0063464 0.0000010 0.0038128 0.0152556 0.0046139 0.0094004 0.0022709 0.0111105 0.0061737 0.0069782 0.0141637 0.0161047 0.0093971 0.0102489 0.0053877 0.0045968 0.0046000 0.0045966 0.0119102 0.0107280 0.0077878 0.0085906 0.0045966 0.0062939 0.0118646 
Viburnum_beccarii           0.4812390 0.5148465 0.0072361 0.0117809 0.0101673 0.0068186 0.0140939 0.0000000 0.0075207 0.0126280 0.0154091 0.0098835 0.0126280 0.0121598 0.0145856 0.0103173 0.0107957 0.0115779 0.3472892 0.0112598 0.0076765 0.0099126 0.0121465 0.0059453 0.0117110 0.0121599 0.0078634 0.0136533 0.0147433 0.0067948 0.0072333 0.0108184 0.0133360 0.0132759 0.0125276 0.0136081 0.0083896 0.0067948 0.0149610 0.0103590 0.0149610 0.0145902 0.0140786 0.0072305 0.0121734 0.0124920 0.0068070 0.0108068 0.0135377 0.0126280 0.0050715 0.0145259 0.0130830 0.0129675 0.0063542 0.0134615 0.0136079 0.0109769 0.0118762 0.0135427 0.0143772 0.0085257 0.0146548 0.0112929 0.0135373 0.0143755 0.0093892 0.0110672 0.0143902 0.0096523 0.0135144 0.0077665 0.0118561 0.0135760 0.0127021 0.0085678 0.0015030 0.0077665 0.0069566 0.0110346 0.0161183 0.0085678 0.0152421 0.0135121 0.0110346 0.0161205 0.0126826 0.0093879 0.0152760 0.0126809 0.0087968 0.0135169 0.0143772 0.0126806 0.0152448 0.0134901 0.0178705 0.0135427 0.0135373 0.0126826 0.0115561 0.0118561 0.0169707 0.0161205 0.0143784 0.0135144 0.0110099 0.0135127 0.0061558 0.0153605 0.0152691 0.0161183 0.0135127 0.0102643 0.0015030 
Viburnum_betulifolium       0.5040331 0.5584329 0.0000010 0.0132336 0.0101691 0.0004280 0.0151380 0.0075207 0.0000000 0.0136090 0.0165186 0.0112282 0.0136090 0.0131193 0.0127418 0.0103193 0.0117189 0.0097241 0.3694409 0.0131511 0.0075064 0.0112627 0.0150705 0.0012861 0.0136263 0.0135934 0.0004345 0.0118000 0.0128853 0.0047954 0.0000010 0.0108060 0.0111522 0.0111479 0.0106834 0.0146408 0.0059088 0.0004265 0.0160516 0.0103281 0.0160516 0.0165549 0.0151510 0.0000010 0.0126347 0.0128861 0.0004273 0.0112379 0.0155529 0.0121899 0.0070845 0.0151179 0.0126610 0.0138641 0.0008553 0.0153884 0.0171630 0.0152160 0.0048352 0.0161093 0.0179783 0.0129003 0.0174340 0.0147111 0.0170670 0.0179760 0.0107801 0.0007922 0.0161849 0.0073459 0.0170367 0.0090504 0.0000010 0.0171199 0.0180412 0.0099033 0.0125363 0.0090504 0.0125610 0.0007898 0.0198778 0.0099033 0.0208473 0.0189229 0.0007898 0.0218252 0.0180104 0.0073459 0.0189656 0.0161327 0.0138599 0.0170400 0.0179783 0.0040100 0.0160710 0.0170689 0.0199246 0.0161093 0.0170670 0.0180104 0.0008273 0.0000010 0.0189549 0.0218252 0.0198860 0.0170367 0.0143170 0.0152409 0.0125871 0.0218362 0.0189564 0.0198778 0.0152409 0.0157644 0.0125363 
Viburnum_bitchiuense        0.4775682 0.5132880 0.0130757 0.0098997 0.0122384 0.0126248 0.0117547 0.0126280 0.0136090 0.0000000 0.0124263 0.0084252 0.0000010 0.0024890 0.0192273 0.0114543 0.0066732 0.0091834 0.3420528 0.0008241 0.0101713 0.0071292 0.0119966 0.0115854 0.0093076 0.0110946 0.0138816 0.0162110 0.0176367 0.0110839 0.0125617 0.0071427 0.0009695 0.0176216 0.0171519 0.0103545 0.0147598 0.0124430 0.0119858 0.0067056 0.0119858 0.0037407 0.0099008 0.0129717 0.0111069 0.0101441 0.0126130 0.0066799 0.0028746 0.0092976 0.0103538 0.0111071 0.0097345 0.0008457 0.0119841 0.0092196 0.0070083 0.0053637 0.0135389 0.0077846 0.0053655 0.0016516 0.0000010 0.0055053 0.0015062 0.0069623 0.0093560 0.0127001 0.0077777 0.0113288 0.0045767 0.0077391 0.0160930 0.0069923 0.0061786 0.0085375 0.0118576 0.0077391 0.0102004 0.0152451 0.0069605 0.0085375 0.0061590 0.0015030 0.0152451 0.0069614 0.0007497 0.0110167 0.0061720 0.0030347 0.0023331 0.0094130 0.0053655 0.0144028 0.0061595 0.0045861 0.0085731 0.0077846 0.0015062 0.0007497 0.0123980 0.0160930 0.0077548 0.0069614 0.0069625 0.0045767 0.0045900 0.0045766 0.0102196 0.0074057 0.0061699 0.0069605 0.0045766 0.0024761 0.0118576 
Viburnum_blandum            0.4849514 0.4941973 0.0158645 0.0154665 0.0189264 0.0154053 0.0164528 0.0154091 0.0165186 0.0124263 0.0000000 0.0124486 0.0124263 0.0120802 0.0026879 0.0201897 0.0106244 0.0182576 0.3432966 0.0121186 0.0161419 0.0111105 0.0037152 0.0147927 0.0142984 0.0071372 0.0167563 0.0236934 0.0242002 0.0152051 0.0153278 0.0134277 0.0199205 0.0019362 0.0008881 0.0159461 0.0167096 0.0156612 0.0020457 0.0129615 0.0020457 0.0148125 0.0154676 0.0157447 0.0071451 0.0138986 0.0153909 0.0106351 0.0137724 0.0115340 0.0140300 0.0161870 0.0119789 0.0124528 0.0151883 0.0148830 0.0022806 0.0102040 0.0187680 0.0111027 0.0102073 0.0059034 0.0083789 0.0104799 0.0077558 0.0102061 0.0161268 0.0161136 0.0045806 0.0165924 0.0093778 0.0144061 0.0196017 0.0022755 0.0110774 0.0152507 0.0152442 0.0144061 0.0152740 0.0187315 0.0022654 0.0152507 0.0015030 0.0077414 0.0187315 0.0022657 0.0069485 0.0161246 0.0110648 0.0077417 0.0071459 0.0127379 0.0102073 0.0178673 0.0110422 0.0093593 0.0135739 0.0111027 0.0077558 0.0069485 0.0150656 0.0196017 0.0045674 0.0022657 0.0118879 0.0093778 0.0094058 0.0077418 0.0153027 0.0020610 0.0030286 0.0022654 0.0077418 0.0076076 0.0152442 
Viburnum_calvum             0.4786174 0.5025204 0.0112407 0.0103756 0.0112280 0.0107955 0.0118003 0.0098835 0.0112282 0.0084252 0.0124486 0.0000000 0.0084252 0.0094056 0.0161755 0.0152312 0.0024600 0.0122100 0.3392464 0.0071993 0.0092958 0.0016369 0.0101995 0.0097902 0.0075689 0.0084237 0.0119904 0.0173671 0.0188397 0.0093041 0.0111994 0.0075739 0.0144174 0.0143521 0.0141480 0.0108334 0.0108829 0.0106412 0.0120074 0.0071351 0.0120074 0.0107058 0.0108361 0.0111519 0.0079996 0.0083269 0.0107855 0.0024624 0.0097314 0.0071300 0.0076633 0.0129680 0.0075605 0.0087656 0.0101903 0.0111107 0.0069952 0.0000010 0.0126638 0.0045865 0.0077562 0.0024796 0.0049473 0.0054948 0.0053632 0.0093939 0.0085236 0.0143963 0.0077632 0.0104530 0.0069479 0.0069224 0.0151939 0.0069792 0.0061671 0.0077137 0.0093395 0.0069224 0.0077255 0.0143535 0.0093914 0.0077137 0.0085695 0.0053533 0.0143535 0.0093927 0.0045755 0.0101668 0.0085877 0.0069475 0.0039029 0.0085732 0.0077562 0.0135186 0.0102239 0.0085547 0.0110418 0.0045865 0.0053632 0.0045755 0.0141623 0.0151939 0.0102017 0.0093927 0.0093942 0.0069479 0.0045817 0.0069476 0.0077399 0.0084734 0.0085847 0.0093914 0.0069476 0.0024683 0.0093395 
Viburnum_carlesii           0.4775682 0.5132880 0.0130757 0.0098997 0.0122384 0.0126248 0.0117547 0.0126280 0.0136090 0.0000010 0.0124263 0.0084252 0.0000000 0.0024890 0.0192273 0.0114543 0.0066732 0.0091834 0.3420528 0.0008241 0.0101713 0.0071292 0.0119966 0.0115854 0.0093076 0.0110946 0.0138816 0.0162110 0.0176367 0.0110839 0.0125617 0.0071427 0.0009695 0.0176216 0.0171519 0.0103545 0.0147598 0.0124430 0.0119858 0.0067056 0.0119858 0.0037407 0.0099008 0.0129717 0.0111069 0.0101441 0.0126130 0.0066799 0.0028746 0.0092976 0.0103538 0.0111071 0.0097345 0.0008457 0.0119841 0.0092196 0.0070083 0.0053637 0.0135389 0.0077846 0.0053655 0.0016516 0.0000010 0.0055053 0.0015062 0.0069623 0.0093560 0.0127001 0.0077777 0.0113288 0.0045767 0.0077391 0.0160930 0.0069923 0.0061786 0.0085375 0.0118576 0.0077391 0.0102004 0.0152451 0.0069605 0.0085375 0.0061590 0.0015030 0.0152451 0.0069614 0.0007497 0.0110167 0.0061720 0.0030347 0.0023331 0.0094130 0.0053655 0.0144028 0.0061595 0.0045861 0.0085731 0.0077846 0.0015062 0.0007497 0.0123980 0.0160930 0.0077548 0.0069614 0.0069625 0.0045767 0.0045900 0.0045766 0.0102196 0.0074057 0.0061699 0.0069605 0.0045766 0.0024761 0.0118576 
Viburnum_cassinoides        0.4710204 0.5110180 0.0126124 0.0094443 0.0111514 0.0121573 0.0103722 0.0121598 0.0131193 0.0024890 0.0120802 0.0094056 0.0024890 0.0000000 0.0175375 0.0102392 0.0076181 0.0103993 0.3406265 0.0024940 0.0112068 0.0080860 0.0116532 0.0112492 0.0107719 0.0116654 0.0133975 0.0144949 0.0155816 0.0103006 0.0121073 0.0076631 0.0019511 0.0164857 0.0154494 0.0094525 0.0127953 0.0121140 0.0107256 0.0072189 0.0107256 0.0037842 0.0094498 0.0125762 0.0116784 0.0110708 0.0121460 0.0067444 0.0029076 0.0098497 0.0103639 0.0098562 0.0102932 0.0016981 0.0116521 0.0087569 0.0061883 0.0077548 0.0127060 0.0102424 0.0053648 0.0016479 0.0041102 0.0055046 0.0022654 0.0053641 0.0118816 0.0126984 0.0069537 0.0104888 0.0045761 0.0102211 0.0160908 0.0061743 0.0077943 0.0110392 0.0118549 0.0102211 0.0110561 0.0152430 0.0061464 0.0110392 0.0069472 0.0038031 0.0152430 0.0077554 0.0030345 0.0102007 0.0061712 0.0007496 0.0015508 0.0077700 0.0053648 0.0144008 0.0061587 0.0061707 0.0085719 0.0102424 0.0022654 0.0030345 0.0123962 0.0160908 0.0069334 0.0077554 0.0069616 0.0045761 0.0045894 0.0037893 0.0119005 0.0073864 0.0053632 0.0061464 0.0037893 0.0024685 0.0118549 
Viburnum_caudatum           1.6479781 1.7307214 0.0125097 0.0189316 0.0200992 0.0125195 0.0245126 0.0145856 0.0127418 0.0192273 0.0026879 0.0161755 0.0192273 0.0175375 0.0000000 0.0215244 0.0151383 0.0193049 1.7633924 0.0197295 0.0171869 0.0141570 0.0017837 0.0131306 0.0193081 0.0054331 0.0143145 0.0247910 0.0253521 0.0151400 0.0123971 0.0163155 0.0210966 0.0029229 0.0017837 0.0233179 0.0183530 0.0131306 0.0026915 0.0152703 0.0026915 0.0234787 0.0189115 0.0122920 0.0035915 0.0187677 0.0124937 0.0141465 0.0212867 0.0161753 0.0135784 0.0236682 0.0161753 0.0199230 0.0131306 0.0223772 9.0000000 9.0000000 9.0000000 9.0000000 9.0000000 9.0000000 9.0000000 9.0000000 9.0000000 9.0000000 9.0000000 9.0000000 9.0000000 9.0000000 9.0000000 9.0000000 9.0000000 9.0000000 9.0000000 9.0000000 9.0000000 9.0000000 9.0000000 9.0000000 9.0000000 9.0000000 9.0000000 9.0000000 9.0000000 9.0000000 9.0000000 9.0000000 9.0000000 9.0000000 9.0000000 9.0000000 9.0000000 9.0000000 9.0000000 9.0000000 9.0000000 9.0000000 9.0000000 9.0000000 9.0000000 9.0000000 9.0000000 9.0000000 9.0000000 9.0000000 9.0000000 9.0000000 9.0000000 9.0000000 9.0000000 9.0000000 9.0000000 9.0000000 9.0000000 
Viburnum_chingii            1.6575183 1.7506294 0.0103193 0.0044594 0.0033130 0.0103193 0.0044460 0.0103173 0.0103193 0.0114543 0.0201897 0.0152312 0.0114543 0.0102392 0.0215244 0.0000000 0.0127484 0.0114848 1.7866552 0.0126838 0.0127201 0.0152856 0.0189259 0.0103193 0.0178168 0.0189708 0.0115418 0.0000010 0.0033217 0.0115439 0.0103193 0.0103727 0.0126838 0.0189761 0.0189259 0.0000010 0.0153767 0.0103193 0.0202482 0.0091574 0.0202482 0.0151493 0.0033130 0.0103193 0.0164231 0.0139687 0.0103193 0.0127484 0.0126479 0.0139658 0.0115110 0.0010924 0.0139658 0.0114543 0.0103193 0.0000010 9.0000000 9.0000000 9.0000000 9.0000000 9.0000000 9.0000000 9.0000000 9.0000000 9.0000000 9.0000000 9.0000000 9.0000000 9.0000000 9.0000000 9.0000000 9.0000000 9.0000000 9.0000000 9.0000000 9.0000000 9.0000000 9.0000000 9.0000000 9.0000000 9.0000000 9.0000000 9.0000000 9.0000000 9.0000000 9.0000000 9.0000000 9.0000000 9.0000000 9.0000000 9.0000000 9.0000000 9.0000000 9.0000000 9.0000000 9.0000000 9.0000000 9.0000000 9.0000000 9.0000000 9.0000000 9.0000000 9.0000000 9.0000000 9.0000000 9.0000000 9.0000000 9.0000000 9.0000000 9.0000000 9.0000000 9.0000000 9.0000000 9.0000000 9.0000000 
Viburnum_cinnamomifolium    0.4760466 0.5025204 0.0121650 0.0099173 0.0090989 0.0117165 0.0113226 0.0107957 0.0117189 0.0066732 0.0106244 0.0024600 0.0066732 0.0076181 0.0151383 0.0127484 0.0000000 0.0112076 0.3352087 0.0067583 0.0101900 0.0012247 0.0101985 0.0106933 0.0084341 0.0093109 0.0124781 0.0153002 0.0167045 0.0101992 0.0116582 0.0084563 0.0122393 0.0121844 0.0131306 0.0099259 0.0115425 0.0115483 0.0101893 0.0080132 0.0101893 0.0089027 0.0090103 0.0120685 0.0088844 0.0087780 0.0117057 0.0008129 0.0079591 0.0053983 0.0085566 0.0106829 0.0058220 0.0064965 0.0110931 0.0087831 0.0069952 0.0022695 0.0152465 0.0069742 0.0053555 0.0024796 0.0024376 0.0054948 0.0030232 0.0069493 0.0109977 0.0143963 0.0077632 0.0130479 0.0045685 0.0093568 0.0178371 0.0069792 0.0061671 0.0101658 0.0118355 0.0093568 0.0101814 0.0169780 0.0069475 0.0101658 0.0061475 0.0030177 0.0169780 0.0069485 0.0022572 0.0126858 0.0061605 0.0045683 0.0039029 0.0093955 0.0053555 0.0161247 0.0077572 0.0061369 0.0085571 0.0069742 0.0030232 0.0022572 0.0141623 0.0178371 0.0077404 0.0069485 0.0069496 0.0045685 0.0045817 0.0045683 0.0102005 0.0084734 0.0061584 0.0069475 0.0045683 0.0024683 0.0118355 
Viburnum_clemensiae         1.6677953 1.7535915 0.0095483 0.0085329 0.0112292 0.0095557 0.0168417 0.0115779 0.0097241 0.0091834 0.0182576 0.0122100 0.0091834 0.0103993 0.0193049 0.0114848 0.0112076 0.0000000 1.7870361 0.0104108 0.0111873 0.0122454 0.0172211 0.0092587 0.0131949 0.0172544 0.0101060 0.0162768 0.0177099 0.0112088 0.0094631 0.0083407 0.0100579 0.0165995 0.0172211 0.0157330 0.0138644 0.0092587 0.0182810 0.0073731 0.0182810 0.0151119 0.0115867 0.0093834 0.0152058 0.0100620 0.0095362 0.0102408 0.0130795 0.0102187 0.0105855 0.0152354 0.0102187 0.0089992 0.0092587 0.0133660 9.0000000 9.0000000 9.0000000 9.0000000 9.0000000 9.0000000 9.0000000 9.0000000 9.0000000 9.0000000 9.0000000 9.0000000 9.0000000 9.0000000 9.0000000 9.0000000 9.0000000 9.0000000 9.0000000 9.0000000 9.0000000 9.0000000 9.0000000 9.0000000 9.0000000 9.0000000 9.0000000 9.0000000 9.0000000 9.0000000 9.0000000 9.0000000 9.0000000 9.0000000 9.0000000 9.0000000 9.0000000 9.0000000 9.0000000 9.0000000 9.0000000 9.0000000 9.0000000 9.0000000 9.0000000 9.0000000 9.0000000 9.0000000 9.0000000 9.0000000 9.0000000 9.0000000 9.0000000 9.0000000 9.0000000 9.0000000 9.0000000 9.0000000 9.0000000 
Viburnum_clemensae          0.0295044 0.0139149 0.3514378 0.3442658 1.7681764 0.3500437 0.3399781 0.3472892 0.3694409 0.3420528 0.3432966 0.3392464 0.3420528 0.3406265 1.7633924 1.7866552 0.3352087 1.7870361 0.0000000 0.3402245 0.3501048 0.3363043 0.3418610 0.3501572 0.3407057 0.3432311 0.3527859 1.8001260 1.8027940 0.3445404 0.3503086 0.3413358 1.7973796 1.7652325 1.7652325 0.3401909 0.5445787 0.3500437 0.3391699 0.3399519 0.3391699 0.3472559 0.3351968 0.3514378 0.3446408 0.3461217 0.3500437 0.3338227 0.3419802 0.3393353 0.3417552 0.3392946 0.3406780 0.3392805 0.3486975 0.3393354 0.0086624 0.0102226 0.0162118 0.0127835 0.0069493 0.0059034 0.0083953 0.0071318 0.0061587 0.0069485 0.0153038 0.0144492 0.0110724 0.0140078 0.0061483 0.0135910 0.0179022 0.0086424 0.0077798 0.0144323 0.0135397 0.0135910 0.0127301 0.0170401 0.0086026 0.0144323 0.0094290 0.0077555 0.0170401 0.0102631 0.0069611 0.0136154 0.0061598 0.0069608 0.0080080 0.0093943 0.0069493 0.0170396 0.0093951 0.0077428 0.0069615 0.0127835 0.0061587 0.0069611 0.0142166 0.0179022 0.0110393 0.0102631 0.0085727 0.0061483 0.0061663 0.0077565 0.0118804 0.0107817 0.0094101 0.0086026 0.0077565 0.0089440 0.0135397 
Viburnum_cotinifolium       0.4695307 0.5090840 0.0126418 0.0098992 0.0133366 0.0121796 0.0117700 0.0112598 0.0131511 0.0008241 0.0121186 0.0071993 0.0008241 0.0024940 0.0197295 0.0126838 0.0067583 0.0104108 0.3402245 0.0000000 0.0098501 0.0072089 0.0107698 0.0112754 0.0085277 0.0094153 0.0134229 0.0166310 0.0177477 0.0107706 0.0125952 0.0059131 0.0019512 0.0187697 0.0175960 0.0103540 0.0121562 0.0121422 0.0116797 0.0054768 0.0116797 0.0037882 0.0099260 0.0126054 0.0094257 0.0092291 0.0121683 0.0067652 0.0029107 0.0094177 0.0090057 0.0112520 0.0098604 0.0008470 0.0116791 0.0092345 0.0062005 0.0022637 0.0118738 0.0045992 0.0045902 0.0008216 0.0008108 0.0046957 0.0007518 0.0061781 0.0077494 0.0135580 0.0069674 0.0096500 0.0038077 0.0061538 0.0143963 0.0061864 0.0053812 0.0069429 0.0085621 0.0061538 0.0069535 0.0135580 0.0061765 0.0069429 0.0053798 0.0007504 0.0135580 0.0061773 0.0000010 0.0093857 0.0053912 0.0022722 0.0015484 0.0069831 0.0045902 0.0127251 0.0069825 0.0038147 0.0077804 0.0045992 0.0007518 0.0000010 0.0132900 0.0143963 0.0069674 0.0061773 0.0061783 0.0038077 0.0038077 0.0038076 0.0069666 0.0063077 0.0053894 0.0061765 0.0038076 0.0012280 0.0085621 
Viburnum_cylindricum        0.4874904 0.5151190 0.0072195 0.0126595 0.0122948 0.0067869 0.0150504 0.0076765 0.0075064 0.0101713 0.0161419 0.0092958 0.0101713 0.0112068 0.0171869 0.0127201 0.0101900 0.0111873 0.3501048 0.0098501 0.0000000 0.0093228 0.0138205 0.0058549 0.0115539 0.0115158 0.0078486 0.0162794 0.0177128 0.0049793 0.0071935 0.0097707 0.0132796 0.0154354 0.0151438 0.0126705 0.0071433 0.0066915 0.0156897 0.0093223 0.0156897 0.0125203 0.0140767 0.0071635 0.0115285 0.0124710 0.0067807 0.0102003 0.0115166 0.0124580 0.0046245 0.0152751 0.0129066 0.0115276 0.0062578 0.0134661 0.0127761 0.0085236 0.0069576 0.0101680 0.0127106 0.0085099 0.0101107 0.0104575 0.0110172 0.0144330 0.0000010 0.0093985 0.0135575 0.0047097 0.0118600 0.0015030 0.0101805 0.0127462 0.0110541 0.0007495 0.0077669 0.0015030 0.0045827 0.0093711 0.0152751 0.0022608 0.0144047 0.0109967 0.0093711 0.0152772 0.0101835 0.0045827 0.0135940 0.0110388 0.0079773 0.0135709 0.0127106 0.0085666 0.0126852 0.0135416 0.0161576 0.0101680 0.0110172 0.0101835 0.0089661 0.0101805 0.0161231 0.0152772 0.0144335 0.0118600 0.0093861 0.0126870 0.0061793 0.0141740 0.0144303 0.0152751 0.0126870 0.0075849 0.0077669 
Viburnum_davidii            0.4761358 0.5029685 0.0112739 0.0103895 0.0112635 0.0108274 0.0122652 0.0099126 0.0112627 0.0071292 0.0111105 0.0016369 0.0071292 0.0080860 0.0141570 0.0152856 0.0012247 0.0122454 0.3363043 0.0072089 0.0093228 0.0000000 0.0097786 0.0098187 0.0080165 0.0084480 0.0120268 0.0174178 0.0188959 0.0093311 0.0112280 0.0075958 0.0144628 0.0143972 0.0141889 0.0108479 0.0109280 0.0106722 0.0106726 0.0071557 0.0106726 0.0093783 0.0094923 0.0111847 0.0080227 0.0087961 0.0108174 0.0012259 0.0084240 0.0058453 0.0076857 0.0116187 0.0062720 0.0074159 0.0102199 0.0097317 0.0069952 0.0000010 0.0127013 0.0045996 0.0053711 0.0024796 0.0024451 0.0054948 0.0030319 0.0069698 0.0085483 0.0143963 0.0077632 0.0104845 0.0045817 0.0069424 0.0152394 0.0069792 0.0061671 0.0077360 0.0093667 0.0069424 0.0077478 0.0143963 0.0069680 0.0077360 0.0061655 0.0030263 0.0143963 0.0069689 0.0022637 0.0101965 0.0061786 0.0045815 0.0039029 0.0077808 0.0053711 0.0135588 0.0077801 0.0061549 0.0085825 0.0045996 0.0030319 0.0022637 0.0141623 0.0152394 0.0077632 0.0069689 0.0069700 0.0045817 0.0045817 0.0045816 0.0077623 0.0084734 0.0061765 0.0069680 0.0045816 0.0024683 0.0093667 
Viburnum_dentatum           0.4823984 0.4983691 0.0144764 0.0140745 0.0178120 0.0140209 0.0150479 0.0121465 0.0150705 0.0119966 0.0037152 0.0101995 0.0119966 0.0116532 0.0017837 0.0189259 0.0101985 0.0172211 0.3418610 0.0107698 0.0138205 0.0097786 0.0000000 0.0134202 0.0120105 0.0049882 0.0153259 0.0226073 0.0231148 0.0119822 0.0144224 0.0120427 0.0188050 0.0009649 0.0000010 0.0145486 0.0127583 0.0142848 0.0032993 0.0115832 0.0032993 0.0138908 0.0145380 0.0143604 0.0049937 0.0115418 0.0140078 0.0102088 0.0128654 0.0129184 0.0108001 0.0157477 0.0133688 0.0120128 0.0138175 0.0144377 0.0038346 0.0069600 0.0135394 0.0078132 0.0102425 0.0041817 0.0084100 0.0088152 0.0077825 0.0102413 0.0127096 0.0161717 0.0045959 0.0113293 0.0094101 0.0110384 0.0178679 0.0038260 0.0094400 0.0118611 0.0101809 0.0110384 0.0102009 0.0170074 0.0053821 0.0118611 0.0045923 0.0077680 0.0170074 0.0053829 0.0069724 0.0110172 0.0111031 0.0077683 0.0055252 0.0094119 0.0102425 0.0144034 0.0110803 0.0093931 0.0127373 0.0078132 0.0077825 0.0069724 0.0160097 0.0178679 0.0061676 0.0053829 0.0119289 0.0094101 0.0077930 0.0077684 0.0102200 0.0041614 0.0046005 0.0053821 0.0077684 0.0063109 0.0101809 
Viburnum_dilatatum          0.4957648 0.5205878 0.0012443 0.0117973 0.0101691 0.0016621 0.0141487 0.0059453 0.0012861 0.0115854 0.0147927 0.0097902 0.0115854 0.0112492 0.0131306 0.0103193 0.0106933 0.0092587 0.3501572 0.0112754 0.0058549 0.0098187 0.0134202 0.0000000 0.0115995 0.0120312 0.0017025 0.0142649 0.0156323 0.0033042 0.0012400 0.0089467 0.0111522 0.0111024 0.0111571 0.0136672 0.0059088 0.0016392 0.0143438 0.0084990 0.0143438 0.0143751 0.0132090 0.0012349 0.0120445 0.0120547 0.0016606 0.0097982 0.0134081 0.0106946 0.0055139 0.0143858 0.0111388 0.0120630 0.0004076 0.0135214 0.0137143 0.0127602 0.0070066 0.0144920 0.0144895 0.0094845 0.0146280 0.0113818 0.0136426 0.0144877 0.0078091 0.0030626 0.0128179 0.0046989 0.0136194 0.0062009 0.0022843 0.0136819 0.0145372 0.0069962 0.0094409 0.0062009 0.0094586 0.0030539 0.0162455 0.0069962 0.0171396 0.0153630 0.0030539 0.0180419 0.0145143 0.0046147 0.0153962 0.0127790 0.0105786 0.0136219 0.0144895 0.0030538 0.0127322 0.0136440 0.0162821 0.0144920 0.0136426 0.0145143 0.0031936 0.0022843 0.0153880 0.0180419 0.0162519 0.0136194 0.0110944 0.0119485 0.0094774 0.0166979 0.0153892 0.0162455 0.0119485 0.0103597 0.0094409 
Viburnum_edule              0.4825570 0.5112017 0.0130917 0.0117525 0.0167884 0.0126402 0.0127293 0.0117110 0.0136263 0.0093076 0.0142984 0.0075689 0.0093076 0.0107719 0.0193081 0.0178168 0.0084341 0.0131949 0.3407057 0.0085277 0.0115539 0.0080165 0.0120105 0.0115995 0.0000000 0.0111075 0.0138991 0.0205564 0.0221384 0.0106543 0.0130432 0.0093425 0.0155059 0.0177032 0.0172240 0.0126976 0.0121791 0.0124580 0.0138512 0.0088953 0.0138512 0.0120842 0.0126885 0.0129874 0.0111198 0.0047484 0.0126285 0.0084426 0.0110860 0.0102044 0.0099184 0.0138917 0.0106452 0.0096853 0.0119986 0.0120528 0.0086320 0.0053560 0.0144084 0.0077734 0.0069508 0.0041751 0.0066511 0.0054963 0.0061600 0.0085743 0.0101871 0.0144001 0.0094054 0.0122014 0.0061496 0.0085561 0.0160716 0.0086122 0.0046012 0.0093608 0.0101669 0.0085561 0.0093752 0.0152248 0.0102252 0.0093608 0.0093955 0.0061486 0.0152248 0.0102265 0.0053655 0.0118637 0.0061849 0.0069623 0.0047148 0.0077605 0.0069508 0.0152243 0.0093971 0.0077438 0.0102092 0.0077734 0.0061600 0.0053655 0.0141662 0.0160716 0.0110417 0.0102265 0.0085746 0.0061496 0.0045829 0.0077582 0.0085551 0.0107305 0.0094122 0.0102252 0.0077582 0.0050137 0.0101669 
Viburnum_ellipticum         0.4823753 0.5026614 0.0130614 0.0126707 0.0178497 0.0126109 0.0150637 0.0121599 0.0135934 0.0110946 0.0071372 0.0084237 0.0110946 0.0116654 0.0054331 0.0189708 0.0093109 0.0172544 0.3432311 0.0094153 0.0115158 0.0084480 0.0049882 0.0120312 0.0111075 0.0000000 0.0138660 0.0226506 0.0231600 0.0115261 0.0130131 0.0102296 0.0188445 0.0049041 0.0035910 0.0131386 0.0140720 0.0128898 0.0067109 0.0097786 0.0067109 0.0134488 0.0140891 0.0129575 0.0016335 0.0106103 0.0125992 0.0093203 0.0124293 0.0120084 0.0080931 0.0157640 0.0124556 0.0110762 0.0124293 0.0134783 0.0062241 0.0037969 0.0126648 0.0015069 0.0085880 0.0024850 0.0066624 0.0063221 0.0061697 0.0102439 0.0085243 0.0143974 0.0069938 0.0104539 0.0077707 0.0069230 0.0151951 0.0062100 0.0069838 0.0077143 0.0101845 0.0069230 0.0053440 0.0143546 0.0086174 0.0077143 0.0077982 0.0061582 0.0143546 0.0086186 0.0053739 0.0101676 0.0094303 0.0077703 0.0047144 0.0094143 0.0085880 0.0135196 0.0094126 0.0093939 0.0119087 0.0015069 0.0061697 0.0053739 0.0132670 0.0151951 0.0094263 0.0086186 0.0102443 0.0077707 0.0053811 0.0077704 0.0085700 0.0063245 0.0078122 0.0086174 0.0077704 0.0024690 0.0101845 
Viburnum_erosum             0.4732325 0.5231969 0.0004207 0.0139331 0.0112515 0.0008427 0.0153936 0.0078634 0.0004345 0.0138816 0.0167563 0.0119904 0.0138816 0.0133975 0.0143145 0.0115418 0.0124781 0.0101060 0.3527859 0.0134229 0.0078486 0.0120268 0.0153259 0.0017025 0.0138991 0.0138660 0.0000000 0.0133369 0.0144815 0.0051668 0.0004209 0.0111126 0.0122373 0.0121824 0.0121539 0.0148947 0.0065222 0.0008427 0.0162953 0.0106401 0.0162953 0.0164365 0.0154066 0.0004207 0.0138819 0.0129339 0.0008427 0.0120006 0.0153274 0.0129451 0.0073998 0.0153734 0.0134120 0.0139068 0.0012674 0.0153865 0.0161781 0.0151939 0.0045734 0.0169523 0.0169493 0.0121082 0.0174340 0.0138598 0.0160930 0.0169472 0.0101805 0.0007499 0.0152625 0.0071361 0.0160659 0.0085506 0.0000010 0.0161399 0.0170052 0.0093548 0.0118340 0.0085506 0.0118561 0.0007478 0.0187307 0.0093548 0.0196380 0.0178354 0.0007478 0.0205536 0.0169780 0.0069432 0.0178735 0.0152161 0.0130570 0.0160689 0.0169493 0.0037938 0.0151609 0.0160947 0.0187724 0.0169523 0.0160930 0.0169780 0.0007813 0.0000010 0.0178640 0.0205536 0.0187380 0.0160659 0.0135093 0.0143771 0.0118795 0.0201075 0.0178654 0.0187307 0.0143771 0.0143091 0.0118340 
Viburnum_erubesens          1.6754071 1.7662354 0.0136656 0.0086062 0.0039253 0.0136763 0.0037079 0.0136533 0.0118000 0.0162110 0.0236934 0.0173671 0.0162110 0.0144949 0.0247910 0.0000010 0.0153002 0.0162768 1.8001260 0.0166310 0.0162794 0.0174178 0.0226073 0.0142649 0.0205564 0.0226506 0.0133369 0.0000000 0.0036727 0.0163105 0.0135410 0.0133288 0.0154994 0.0200141 0.0226073 0.0000010 0.0173333 0.0142649 0.0237230 0.0123080 0.0237230 0.0203765 0.0056240 0.0134246 0.0205030 0.0177838 0.0136479 0.0153002 0.0182348 0.0173668 0.0147581 0.0026844 0.0173668 0.0143809 0.0142649 0.0000010 9.0000000 9.0000000 9.0000000 9.0000000 9.0000000 9.0000000 9.0000000 9.0000000 9.0000000 9.0000000 9.0000000 9.0000000 9.0000000 9.0000000 9.0000000 9.0000000 9.0000000 9.0000000 9.0000000 9.0000000 9.0000000 9.0000000 9.0000000 9.0000000 9.0000000 9.0000000 9.0000000 9.0000000 9.0000000 9.0000000 9.0000000 9.0000000 9.0000000 9.0000000 9.0000000 9.0000000 9.0000000 9.0000000 9.0000000 9.0000000 9.0000000 9.0000000 9.0000000 9.0000000 9.0000000 9.0000000 9.0000000 9.0000000 9.0000000 9.0000000 9.0000000 9.0000000 9.0000000 9.0000000 9.0000000 9.0000000 9.0000000 9.0000000 9.0000000 
Viburnum_foetens            1.6721054 1.7687739 0.0147566 0.0096374 0.0049470 0.0147683 0.0046709 0.0147433 0.0128853 0.0176367 0.0242002 0.0188397 0.0176367 0.0155816 0.0253521 0.0033217 0.0167045 0.0177099 1.8027940 0.0177477 0.0177128 0.0188959 0.0231148 0.0156323 0.0221384 0.0231600 0.0144815 0.0036727 0.0000000 0.0177474 0.0146211 0.0146729 0.0166697 0.0212418 0.0231148 0.0027730 0.0185745 0.0156323 0.0242583 0.0136171 0.0242583 0.0197244 0.0066125 0.0156608 0.0209604 0.0189859 0.0147373 0.0167045 0.0197244 0.0188394 0.0158660 0.0036723 0.0188394 0.0155358 0.0156323 0.0029338 9.0000000 9.0000000 9.0000000 9.0000000 9.0000000 9.0000000 9.0000000 9.0000000 9.0000000 9.0000000 9.0000000 9.0000000 9.0000000 9.0000000 9.0000000 9.0000000 9.0000000 9.0000000 9.0000000 9.0000000 9.0000000 9.0000000 9.0000000 9.0000000 9.0000000 9.0000000 9.0000000 9.0000000 9.0000000 9.0000000 9.0000000 9.0000000 9.0000000 9.0000000 9.0000000 9.0000000 9.0000000 9.0000000 9.0000000 9.0000000 9.0000000 9.0000000 9.0000000 9.0000000 9.0000000 9.0000000 9.0000000 9.0000000 9.0000000 9.0000000 9.0000000 9.0000000 9.0000000 9.0000000 9.0000000 9.0000000 9.0000000 9.0000000 9.0000000 
Viburnum_foetidum           0.4848639 0.5107310 0.0046143 0.0126705 0.0123206 0.0041899 0.0141042 0.0067948 0.0047954 0.0110839 0.0152051 0.0093041 0.0110839 0.0103006 0.0151400 0.0115439 0.0101992 0.0112088 0.3445404 0.0107706 0.0049793 0.0093311 0.0119822 0.0033042 0.0106543 0.0115261 0.0051668 0.0163105 0.0177474 0.0000000 0.0045978 0.0106832 0.0133072 0.0132473 0.0131321 0.0126815 0.0023204 0.0041317 0.0138179 0.0102299 0.0138179 0.0129836 0.0126839 0.0045789 0.0115388 0.0105881 0.0041861 0.0093118 0.0119720 0.0124691 0.0046287 0.0143411 0.0129181 0.0115378 0.0037094 0.0134781 0.0110733 0.0101668 0.0022641 0.0118414 0.0127100 0.0067395 0.0119140 0.0104570 0.0110167 0.0127085 0.0045827 0.0061723 0.0118497 0.0000010 0.0118595 0.0030332 0.0069432 0.0110476 0.0127513 0.0038021 0.0077659 0.0030332 0.0061680 0.0061546 0.0135384 0.0038021 0.0144028 0.0126846 0.0061546 0.0152751 0.0118595 0.0000010 0.0135934 0.0093730 0.0079762 0.0118616 0.0127100 0.0038009 0.0109953 0.0152760 0.0135686 0.0118414 0.0110167 0.0118595 0.0056172 0.0069432 0.0143740 0.0152751 0.0144328 0.0118595 0.0093857 0.0109967 0.0077957 0.0129702 0.0127061 0.0135384 0.0109967 0.0075624 0.0077659 
Viburnum_formosanum         0.4886822 0.5211249 0.0000010 0.0131276 0.0101691 0.0004110 0.0154974 0.0072333 0.0000010 0.0125617 0.0153278 0.0111994 0.0125617 0.0121073 0.0123971 0.0103193 0.0116582 0.0094631 0.3503086 0.0125952 0.0071935 0.0112280 0.0144224 0.0012400 0.0130432 0.0130131 0.0004209 0.0135410 0.0146211 0.0045978 0.0000000 0.0103472 0.0111522 0.0111024 0.0103969 0.0150116 0.0059119 0.0004093 0.0148828 0.0098907 0.0148828 0.0154723 0.0140803 0.0000010 0.0130275 0.0124611 0.0004107 0.0107508 0.0144094 0.0116595 0.0067996 0.0154040 0.0121094 0.0129484 0.0008207 0.0144132 0.0161781 0.0152050 0.0045766 0.0169647 0.0160804 0.0121082 0.0164940 0.0138598 0.0152298 0.0160784 0.0101878 0.0007499 0.0152625 0.0071412 0.0152041 0.0085567 0.0000010 0.0161399 0.0170052 0.0093615 0.0118425 0.0085567 0.0118647 0.0007483 0.0178477 0.0093615 0.0187478 0.0169595 0.0007483 0.0196561 0.0161076 0.0069481 0.0169958 0.0143600 0.0130570 0.0160806 0.0160804 0.0037964 0.0143079 0.0152314 0.0178876 0.0169647 0.0152298 0.0161076 0.0007813 0.0000010 0.0169868 0.0196561 0.0178547 0.0152041 0.0135093 0.0135264 0.0118880 0.0201075 0.0169881 0.0178477 0.0135264 0.0143091 0.0118425 
Viburnum_furcatum           0.4850019 0.5154735 0.0103854 0.0094812 0.0091620 0.0108381 0.0108690 0.0108184 0.0108060 0.0071427 0.0134277 0.0075739 0.0071427 0.0076631 0.0163155 0.0103727 0.0084563 0.0083407 0.3413358 0.0059131 0.0097707 0.0075958 0.0120427 0.0089467 0.0093425 0.0102296 0.0111126 0.0133288 0.0146729 0.0106832 0.0103472 0.0000000 0.0070279 0.0144861 0.0142695 0.0094881 0.0128858 0.0106827 0.0138888 0.0004074 0.0138888 0.0089552 0.0099373 0.0103033 0.0102409 0.0111275 0.0108281 0.0084648 0.0080056 0.0075888 0.0090348 0.0111476 0.0080222 0.0074306 0.0093494 0.0101893 0.0102570 0.0061261 0.0152216 0.0085576 0.0093601 0.0050249 0.0092433 0.0071056 0.0085542 0.0093589 0.0109797 0.0143971 0.0094034 0.0130260 0.0085398 0.0093415 0.0135198 0.0102333 0.0061442 0.0101492 0.0109580 0.0093415 0.0101648 0.0143543 0.0127108 0.0101492 0.0118618 0.0085383 0.0143543 0.0127125 0.0077411 0.0126651 0.0085558 0.0093755 0.0063222 0.0085413 0.0093601 0.0126882 0.0118638 0.0085558 0.0110007 0.0085576 0.0085542 0.0077411 0.0132908 0.0135198 0.0118819 0.0127125 0.0110221 0.0085398 0.0061442 0.0085717 0.0093404 0.0118454 0.0118828 0.0127108 0.0085717 0.0075866 0.0109580 
Viburnum_glomeratum         1.6573041 1.7636230 0.0111522 0.0133403 0.0133366 0.0111522 0.0166690 0.0133360 0.0111522 0.0009695 0.0199205 0.0144174 0.0009695 0.0019511 0.0210966 0.0126838 0.0122393 0.0100579 1.7973796 0.0019512 0.0132796 0.0144628 0.0188050 0.0111522 0.0155059 0.0188445 0.0122373 0.0154994 0.0166697 0.0133072 0.0111522 0.0070279 0.0000000 0.0188491 0.0188050 0.0154994 0.0160795 0.0111522 0.0199715 0.0059878 0.0199715 0.0059775 0.0133366 0.0111522 0.0165929 0.0143859 0.0111522 0.0122393 0.0039384 0.0144171 0.0122085 0.0144137 0.0144171 0.0009695 0.0111522 0.0154994 9.0000000 9.0000000 9.0000000 9.0000000 9.0000000 9.0000000 9.0000000 9.0000000 9.0000000 9.0000000 9.0000000 9.0000000 9.0000000 9.0000000 9.0000000 9.0000000 9.0000000 9.0000000 9.0000000 9.0000000 9.0000000 9.0000000 9.0000000 9.0000000 9.0000000 9.0000000 9.0000000 9.0000000 9.0000000 9.0000000 9.0000000 9.0000000 9.0000000 9.0000000 9.0000000 9.0000000 9.0000000 9.0000000 9.0000000 9.0000000 9.0000000 9.0000000 9.0000000 9.0000000 9.0000000 9.0000000 9.0000000 9.0000000 9.0000000 9.0000000 9.0000000 9.0000000 9.0000000 9.0000000 9.0000000 9.0000000 9.0000000 9.0000000 9.0000000 
