55
Viburnum_acerifolium     0.0000000 0.0520416 1.0990236 1.1172570 1.1075511 1.1024936 1.1364542 1.0926181 1.1030912 1.1374382 1.1213356 1.1110944 1.1374382 1.1207907 1.1154492 1.1260639 1.1106964 1.1345739 0.0571140 1.1209210 1.1228949 1.1090641 1.1180187 1.1084624 1.1275420 1.1223591 1.1082892 1.1421512 1.1404793 1.1028672 1.0979366 1.1383078 1.1237836 1.1159035 1.1180187 1.1349842 1.0964703 1.1084624 1.1252312 1.1311875 1.1252312 1.1427622 1.1064633 1.0970819 1.1166857 1.1214073 1.0961677 1.1074121 1.1427622 1.1158154 1.0914859 1.1468149 1.1158154 1.1305935 1.1291308 
Viburnum_acutifolium     0.0520416 0.0000000 1.1990563 1.2262781 1.2176443 1.1990563 1.2410134 1.1945670 1.1990563 1.2517578 1.2159411 1.1966705 1.2517578 1.2407311 1.2056452 1.2357451 1.1947274 1.2305648 0.0137061 1.2410875 1.2222966 1.1976715 1.2101967 1.1990563 1.2219520 1.2201150 1.2092776 1.2429874 1.2480474 1.1975196 1.1990563 1.2506943 1.2402304 1.2056531 1.2101967 1.2429874 1.1890527 1.1990563 1.2229156 1.2379633 1.2229156 1.2579266 1.2176443 1.1990563 1.2117444 1.2220731 1.1990563 1.1947274 1.2492271 1.2149620 1.1911599 1.2347315 1.2149620 1.2517578 1.2429874 
Viburnum_adenophorum     1.0990236 1.1990563 0.0000000 0.0091755 0.0096196 0.0000010 0.0137389 0.0018008 0.0000010 0.0090733 0.0108861 0.0063403 0.0090733 0.0081658 0.0118082 0.0097826 0.0054250 0.0090694 1.2232963 0.0100250 0.0036138 0.0063406 0.0099745 0.0000010 0.0090787 0.0099674 0.0009501 0.0127727 0.0136997 0.0018007 0.0000010 0.0063967 0.0105992 0.0105608 0.0099745 0.0128050 0.0039545 0.0000010 0.0109133 0.0054666 0.0109133 0.0127329 0.0090658 0.0000010 0.0081455 0.0086329 0.0000010 0.0045188 0.0108919 0.0063406 0.0009088 0.0118491 0.0063406 0.0096279 0.0115745 
Viburnum_amplificatum    1.1172570 1.2262781 0.0091755 0.0000000 0.0057544 0.0091096 0.0091928 0.0091574 0.0093306 0.0109447 0.0164808 0.0118839 0.0109447 0.0100199 0.0174197 0.0043325 0.0109503 0.0081618 1.2515724 0.0118794 0.0109775 0.0118846 0.0155583 0.0091096 0.0146620 0.0155472 0.0105830 0.0082107 0.0091326 0.0109558 0.0091096 0.0082674 0.0125614 0.0164370 0.0155583 0.0082579 0.0140221 0.0091096 0.0165232 0.0073271 0.0165232 0.0146278 0.0054774 0.0091232 0.0137018 0.0125312 0.0091232 0.0100333 0.0127735 0.0100355 0.0100599 0.0082065 0.0100355 0.0115849 0.0067328 
Viburnum_amplifolium     1.1075511 1.2176443 0.0096196 0.0057544 0.0000000 0.0096196 0.0047963 0.0096145 0.0096196 0.0115583 0.0174090 0.0105981 0.0115583 0.0105808 0.0184021 0.0032324 0.0086508 0.0105854 1.2426039 0.0125468 0.0115948 0.0105987 0.0164341 0.0096196 0.0154883 0.0164217 0.0106027 0.0038214 0.0047821 0.0115707 0.0096196 0.0087343 0.0125316 0.0164693 0.0164341 0.0038214 0.0139883 0.0096196 0.0174562 0.0077396 0.0174562 0.0144778 0.0000010 0.0096196 0.0144714 0.0145186 0.0096196 0.0086508 0.0125206 0.0125521 0.0105865 0.0028632 0.0125521 0.0115583 0.0038214 
Viburnum_annamensis      1.1024936 1.1990563 0.0000010 0.0091096 0.0096196 0.0000000 0.0138759 0.0018135 0.0000010 0.0090971 0.0109148 0.0063570 0.0090971 0.0081770 0.0118393 0.0097826 0.0054392 0.0090933 1.2232963 0.0100260 0.0036233 0.0063573 0.0100008 0.0000010 0.0091026 0.0099937 0.0009501 0.0128063 0.0137369 0.0018046 0.0000010 0.0064136 0.0105992 0.0105608 0.0100008 0.0128802 0.0039545 0.0000010 0.0109420 0.0054811 0.0109420 0.0127665 0.0091552 0.0000010 0.0081670 0.0086329 0.0000010 0.0045307 0.0109206 0.0063572 0.0009031 0.0127998 0.0063572 0.0096279 0.0115745 
Viburnum_awabuki         1.1364542 1.2410134 0.0137389 0.0091928 0.0047963 0.0138759 0.0000000 0.0137493 0.0120761 0.0155895 0.0211737 0.0146861 0.0155895 0.0146723 0.0221227 0.0043194 0.0146564 0.0155828 1.2668721 0.0165807 0.0156354 0.0165456 0.0202441 0.0137389 0.0174810 0.0202295 0.0135296 0.0036024 0.0045078 0.0156056 0.0137389 0.0129311 0.0155298 0.0194244 0.0202441 0.0036123 0.0171061 0.0137389 0.0212270 0.0119709 0.0212270 0.0193036 0.0063533 0.0137389 0.0183686 0.0155029 0.0138196 0.0146736 0.0174296 0.0165450 0.0148375 0.0026993 0.0165450 0.0145474 0.0038212 
Viburnum_beccarii        1.0926181 1.1945670 0.0018008 0.0091574 0.0096145 0.0018135 0.0137493 0.0000000 0.0018307 0.0109023 0.0127173 0.0081626 0.0109023 0.0099811 0.0136429 0.0097768 0.0072428 0.0108977 1.2186270 0.0118484 0.0054278 0.0081630 0.0118037 0.0017991 0.0109089 0.0117953 0.0028549 0.0127637 0.0136900 0.0036044 0.0017991 0.0082352 0.0125466 0.0125010 0.0118037 0.0127798 0.0059415 0.0017991 0.0127490 0.0072985 0.0127490 0.0145712 0.0090727 0.0017991 0.0099688 0.0105682 0.0018056 0.0063347 0.0127241 0.0081629 0.0027269 0.0127573 0.0081629 0.0115721 0.0115684 
Viburnum_betulifolium    1.1030912 1.1990563 0.0000010 0.0093306 0.0096196 0.0000010 0.0120761 0.0018307 0.0000000 0.0092368 0.0110822 0.0064544 0.0092368 0.0083024 0.0120212 0.0097826 0.0046000 0.0092328 1.2232963 0.0101933 0.0036786 0.0064547 0.0101542 0.0000010 0.0092424 0.0101468 0.0009542 0.0111036 0.0120420 0.0018321 0.0000010 0.0065128 0.0105992 0.0106059 0.0101542 0.0111178 0.0039545 0.0000010 0.0111104 0.0055656 0.0111104 0.0129629 0.0092291 0.0000010 0.0082920 0.0086696 0.0000010 0.0046000 0.0110883 0.0064547 0.0009239 0.0101685 0.0064547 0.0096279 0.0115745 
Viburnum_bitchiuense     1.1374382 1.2517578 0.0090733 0.0109447 0.0115583 0.0090971 0.0155895 0.0109023 0.0092368 0.0000000 0.0168657 0.0114994 0.0000010 0.0008957 0.0177535 0.0108661 0.0105965 0.0088052 1.2780425 0.0008979 0.0106212 0.0115000 0.0159515 0.0088157 0.0123879 0.0159405 0.0105668 0.0151135 0.0163244 0.0106017 0.0090022 0.0053202 0.0009556 0.0164131 0.0159515 0.0146305 0.0140009 0.0088157 0.0168856 0.0044207 0.0168856 0.0052719 0.0108921 0.0089251 0.0141529 0.0125131 0.0090743 0.0097093 0.0035078 0.0114996 0.0100461 0.0141904 0.0114996 0.0000010 0.0135209 
Viburnum_blandum         1.1213356 1.2159411 0.0108861 0.0164808 0.0174090 0.0109148 0.0211737 0.0127173 0.0110822 0.0168657 0.0000000 0.0141784 0.0168657 0.0153923 0.0026247 0.0185843 0.0132692 0.0168588 1.2387939 0.0172796 0.0151030 0.0141791 0.0008739 0.0114809 0.0168755 0.0043772 0.0124859 0.0214599 0.0218515 0.0132758 0.0108009 0.0143014 0.0184080 0.0018989 0.0008739 0.0201964 0.0159978 0.0114809 0.0017525 0.0133691 0.0017525 0.0204643 0.0164017 0.0107216 0.0026234 0.0163953 0.0108873 0.0123793 0.0186478 0.0141787 0.0118707 0.0205172 0.0141787 0.0174250 0.0193968 
Viburnum_calvum          1.1110944 1.1966705 0.0063403 0.0118839 0.0105981 0.0063570 0.0146861 0.0081626 0.0064544 0.0114994 0.0141784 0.0000000 0.0114994 0.0108481 0.0150647 0.0141982 0.0026263 0.0114946 1.2208025 0.0127122 0.0097387 0.0035079 0.0132703 0.0061607 0.0097227 0.0132611 0.0076709 0.0160386 0.0172720 0.0079379 0.0062908 0.0089072 0.0135411 0.0134917 0.0132703 0.0155817 0.0109798 0.0061607 0.0141953 0.0079934 0.0141953 0.0150727 0.0099872 0.0062370 0.0114797 0.0096132 0.0063410 0.0017501 0.0132733 0.0061602 0.0072936 0.0151120 0.0061602 0.0125636 0.0145232 
Viburnum_carlesii        1.1374382 1.2517578 0.0090733 0.0109447 0.0115583 0.0090971 0.0155895 0.0109023 0.0092368 0.0000010 0.0168657 0.0114994 0.0000000 0.0008957 0.0177535 0.0108661 0.0105965 0.0088052 1.2780425 0.0008979 0.0106212 0.0115000 0.0159515 0.0088157 0.0123879 0.0159405 0.0105668 0.0151135 0.0163244 0.0106017 0.0090022 0.0053202 0.0009556 0.0164131 0.0159515 0.0146305 0.0140009 0.0088157 0.0168856 0.0044207 0.0168856 0.0052719 0.0108921 0.0089251 0.0141529 0.0125131 0.0090743 0.0097093 0.0035078 0.0114996 0.0100461 0.0141904 0.0114996 0.0000010 0.0135209 
Viburnum_cassinoides     1.1207907 1.2407311 0.0081658 0.0100199 0.0105808 0.0081770 0.0146723 0.0099811 0.0083024 0.0008957 0.0153923 0.0108481 0.0008957 0.0000000 0.0163184 0.0097646 0.0099265 0.0099173 1.2665689 0.0017971 0.0099502 0.0108487 0.0144805 0.0081079 0.0135918 0.0144703 0.0095933 0.0136035 0.0145258 0.0099315 0.0081079 0.0045312 0.0019128 0.0154267 0.0144805 0.0136986 0.0129826 0.0081079 0.0154304 0.0036142 0.0154304 0.0044891 0.0099843 0.0081199 0.0126465 0.0134862 0.0081565 0.0090202 0.0026881 0.0108484 0.0091212 0.0135967 0.0108484 0.0009556 0.0125382 
Viburnum_caudatum        1.1154492 1.2056452 0.0118082 0.0174197 0.0184021 0.0118393 0.0221227 0.0136429 0.0120212 0.0177535 0.0026247 0.0150647 0.0177535 0.0163184 0.0000000 0.0197086 0.0141540 0.0177463 1.2281325 0.0182121 0.0159915 0.0132669 0.0017472 0.0123641 0.0177640 0.0052527 0.0134643 0.0223543 0.0227911 0.0141610 0.0117156 0.0151954 0.0194033 0.0028521 0.0017472 0.0211417 0.0170215 0.0123641 0.0026287 0.0142605 0.0026287 0.0213543 0.0173350 0.0116152 0.0034985 0.0173833 0.0118095 0.0132637 0.0195360 0.0150649 0.0128001 0.0214096 0.0150649 0.0184180 0.0203944 
Viburnum_chingii         1.1260639 1.2357451 0.0097826 0.0043325 0.0032324 0.0097826 0.0043194 0.0097768 0.0097826 0.0108661 0.0185843 0.0141982 0.0108661 0.0097646 0.0197086 0.0000000 0.0119811 0.0108699 1.2633940 0.0119801 0.0120165 0.0141982 0.0174817 0.0097826 0.0164103 0.0174669 0.0108942 0.0000010 0.0032335 0.0108861 0.0097826 0.0098859 0.0119636 0.0175238 0.0174817 0.0000010 0.0143019 0.0097826 0.0186409 0.0087564 0.0186409 0.0141590 0.0032324 0.0097826 0.0152617 0.0130834 0.0097826 0.0119811 0.0119517 0.0130935 0.0108753 0.0010753 0.0130935 0.0108661 0.0000010 
Viburnum_cinnamomifolium 1.1106964 1.1947274 0.0054250 0.0109503 0.0086508 0.0054392 0.0146564 0.0072428 0.0046000 0.0105965 0.0132692 0.0026263 0.0105965 0.0099265 0.0141540 0.0119811 0.0000000 0.0105921 1.2187972 0.0117833 0.0088381 0.0026264 0.0123642 0.0052715 0.0106026 0.0123556 0.0057398 0.0142084 0.0154009 0.0070438 0.0053826 0.0080026 0.0115783 0.0115363 0.0123642 0.0137012 0.0089617 0.0052715 0.0132851 0.0070930 0.0132851 0.0141615 0.0090631 0.0053367 0.0105784 0.0096049 0.0054256 0.0008731 0.0123670 0.0052711 0.0063705 0.0132895 0.0052711 0.0106049 0.0125559 
Viburnum_clemensiae      1.1345739 1.2305648 0.0090694 0.0081618 0.0105854 0.0090933 0.0155828 0.0108977 0.0092328 0.0088052 0.0168588 0.0114946 0.0088052 0.0099173 0.0177463 0.0108699 0.0105921 0.0000000 1.2560258 0.0099413 0.0106168 0.0114952 0.0159450 0.0088121 0.0123828 0.0159340 0.0095974 0.0151072 0.0163176 0.0105973 0.0089984 0.0079953 0.0096186 0.0154335 0.0159450 0.0146243 0.0129886 0.0088121 0.0168787 0.0070864 0.0168787 0.0141487 0.0108875 0.0089214 0.0141471 0.0095954 0.0090704 0.0097053 0.0123558 0.0097074 0.0100418 0.0141846 0.0097074 0.0086498 0.0125436 
Viburnum_clemensae       0.0571140 0.0137061 1.2232963 1.2515724 1.2426039 1.2232963 1.2668721 1.2186270 1.2232963 1.2780425 1.2387939 1.2208025 1.2780425 1.2665689 1.2281325 1.2633940 1.2187972 1.2560258 0.0000000 1.2669652 1.2474430 1.2218686 1.2328595 1.2232963 1.2470557 1.2431228 1.2338948 1.2689263 1.2742011 1.2217210 1.2232963 1.2801443 1.2660362 1.2328595 1.2328595 1.2689263 1.1923734 1.2232963 1.2460497 1.2668664 1.2460497 1.2844373 1.2426039 1.2232963 1.2344453 1.2471850 1.2232963 1.2187972 1.2753944 1.2397931 1.2151089 1.2603552 1.2397931 1.2780425 1.2689263 
Viburnum_cotinifolium    1.1209210 1.2410875 0.0100250 0.0118794 0.0125468 0.0100260 0.0165807 0.0118484 0.0101933 0.0008979 0.0172796 0.0127122 0.0008979 0.0017971 0.0182121 0.0119801 0.0117833 0.0099413 1.2669652 0.0000000 0.0118113 0.0127129 0.0163629 0.0099535 0.0136246 0.0163514 0.0115517 0.0154869 0.0164155 0.0117892 0.0099535 0.0063718 0.0019151 0.0174141 0.0163629 0.0155757 0.0129738 0.0099535 0.0173235 0.0054455 0.0173235 0.0063125 0.0118523 0.0099682 0.0145173 0.0135031 0.0100008 0.0108721 0.0045000 0.0127124 0.0109805 0.0154790 0.0127124 0.0009568 0.0145173 
Viburnum_cylindricum     1.1228949 1.2222966 0.0036138 0.0109775 0.0115948 0.0036233 0.0156354 0.0054278 0.0036786 0.0106212 0.0151030 0.0097387 0.0106212 0.0099502 0.0159915 0.0120165 0.0088381 0.0106168 1.2474430 0.0118113 0.0000000 0.0097392 0.0141911 0.0035116 0.0124228 0.0141813 0.0047814 0.0151567 0.0163729 0.0052787 0.0035856 0.0080214 0.0125822 0.0144960 0.0141911 0.0146743 0.0079628 0.0035116 0.0151222 0.0071097 0.0151222 0.0141944 0.0109239 0.0035550 0.0123944 0.0125520 0.0036142 0.0079509 0.0123958 0.0097389 0.0045468 0.0142316 0.0097389 0.0116049 0.0135639 
Viburnum_davidii         1.1090641 1.1976715 0.0063406 0.0118846 0.0105987 0.0063573 0.0165456 0.0081630 0.0064547 0.0115000 0.0141791 0.0035079 0.0115000 0.0108487 0.0132669 0.0141982 0.0026264 0.0114952 1.2218686 0.0127129 0.0097392 0.0000000 0.0132710 0.0061610 0.0115067 0.0132618 0.0076713 0.0160394 0.0172728 0.0079383 0.0062911 0.0089077 0.0135407 0.0134924 0.0132710 0.0155815 0.0109804 0.0061610 0.0141960 0.0079938 0.0141960 0.0150735 0.0099877 0.0062373 0.0114803 0.0115536 0.0063414 0.0017502 0.0132740 0.0061605 0.0072940 0.0151117 0.0061605 0.0125634 0.0145239 
Viburnum_dentatum        1.1180187 1.2101967 0.0099745 0.0155583 0.0164341 0.0100008 0.0202441 0.0118037 0.0101542 0.0159515 0.0008739 0.0132703 0.0159515 0.0144805 0.0017472 0.0174817 0.0123642 0.0159450 1.2328595 0.0163629 0.0141911 0.0132710 0.0000000 0.0105803 0.0159608 0.0034961 0.0115201 0.0205314 0.0209318 0.0123703 0.0098965 0.0133852 0.0174310 0.0009490 0.0000010 0.0192699 0.0149907 0.0105803 0.0008748 0.0124570 0.0008748 0.0195420 0.0154836 0.0098117 0.0017461 0.0154237 0.0099757 0.0114761 0.0177303 0.0132705 0.0109527 0.0195925 0.0132705 0.0164491 0.0184182 
Viburnum_dilatatum       1.1084624 1.1990563 0.0000010 0.0091096 0.0096196 0.0000010 0.0137389 0.0017991 0.0000010 0.0088157 0.0114809 0.0061607 0.0088157 0.0081079 0.0123641 0.0097826 0.0052715 0.0088121 1.2232963 0.0099535 0.0035116 0.0061610 0.0105803 0.0000000 0.0088208 0.0105729 0.0009501 0.0133198 0.0144932 0.0017492 0.0000010 0.0062139 0.0105992 0.0105608 0.0105803 0.0127862 0.0039545 0.0000010 0.0114946 0.0053109 0.0114946 0.0123707 0.0090658 0.0000010 0.0088007 0.0086329 0.0000010 0.0043911 0.0105827 0.0061609 0.0009031 0.0124021 0.0061609 0.0096279 0.0115745 
Viburnum_edule           1.1275420 1.2219520 0.0090787 0.0146620 0.0154883 0.0091026 0.0174810 0.0109089 0.0092424 0.0123879 0.0168755 0.0097227 0.0123879 0.0135918 0.0177640 0.0164103 0.0106026 0.0123828 1.2470557 0.0136246 0.0124228 0.0115067 0.0159608 0.0088208 0.0000000 0.0159498 0.0105734 0.0187550 0.0200464 0.0088226 0.0090075 0.0116058 0.0145133 0.0164237 0.0159608 0.0183751 0.0119822 0.0088208 0.0168965 0.0106823 0.0168965 0.0177734 0.0145905 0.0089303 0.0141612 0.0047840 0.0090797 0.0097149 0.0159645 0.0115063 0.0100521 0.0178198 0.0115063 0.0135347 0.0174717 
Viburnum_ellipticum      1.1223591 1.2201150 0.0099674 0.0155472 0.0164217 0.0099937 0.0202295 0.0117953 0.0101468 0.0159405 0.0043772 0.0132611 0.0159405 0.0144703 0.0052527 0.0174669 0.0123556 0.0159340 1.2431228 0.0163514 0.0141813 0.0132618 0.0034961 0.0105729 0.0159498 0.0000000 0.0115115 0.0205170 0.0209169 0.0123617 0.0098895 0.0133759 0.0174168 0.0047553 0.0034961 0.0192551 0.0149790 0.0105729 0.0043826 0.0124484 0.0043826 0.0195285 0.0154725 0.0098049 0.0017448 0.0154110 0.0099686 0.0114682 0.0177181 0.0132614 0.0109449 0.0195779 0.0132614 0.0164358 0.0184042 
Viburnum_erosum          1.1082892 1.2092776 0.0009501 0.0105830 0.0106027 0.0009501 0.0135296 0.0028549 0.0009542 0.0105668 0.0124859 0.0076709 0.0105668 0.0095933 0.0134643 0.0108942 0.0057398 0.0095974 1.2338948 0.0115517 0.0047814 0.0076713 0.0115201 0.0009501 0.0105734 0.0115115 0.0000000 0.0125107 0.0134894 0.0028570 0.0009501 0.0077430 0.0115859 0.0115438 0.0115201 0.0125107 0.0049533 0.0009501 0.0125197 0.0067541 0.0125197 0.0134763 0.0105577 0.0009501 0.0095809 0.0096111 0.0009501 0.0057398 0.0115266 0.0076711 0.0019012 0.0115368 0.0076711 0.0106118 0.0125652 
Viburnum_erubesens       1.1421512 1.2429874 0.0127727 0.0082107 0.0038214 0.0128063 0.0036024 0.0127637 0.0111036 0.0151135 0.0214599 0.0160386 0.0151135 0.0136035 0.0223543 0.0000010 0.0142084 0.0151072 1.2689263 0.0154869 0.0151567 0.0160394 0.0205314 0.0133198 0.0187550 0.0205170 0.0125107 0.0000000 0.0035678 0.0151287 0.0126721 0.0125334 0.0144984 0.0183777 0.0205314 0.0000010 0.0160314 0.0133198 0.0214857 0.0116039 0.0214857 0.0187132 0.0054247 0.0125630 0.0187112 0.0164285 0.0127740 0.0142255 0.0168974 0.0160388 0.0137751 0.0026224 0.0160388 0.0135209 0.0000010 
Viburnum_foetens         1.1404793 1.2480474 0.0136997 0.0091326 0.0047821 0.0137369 0.0045078 0.0136900 0.0120420 0.0163244 0.0218515 0.0172720 0.0163244 0.0145258 0.0227911 0.0032335 0.0154009 0.0163176 1.2742011 0.0164155 0.0163729 0.0172728 0.0209318 0.0144932 0.0200464 0.0209169 0.0134894 0.0035678 0.0000000 0.0163420 0.0135916 0.0137004 0.0154837 0.0193671 0.0209318 0.0027004 0.0170535 0.0144932 0.0219059 0.0127497 0.0219059 0.0181449 0.0063355 0.0145146 0.0190754 0.0174149 0.0137010 0.0154195 0.0181449 0.0172722 0.0147105 0.0035660 0.0172722 0.0145042 0.0028611 
Viburnum_foetidum        1.1028672 1.1975196 0.0018007 0.0109558 0.0115707 0.0018046 0.0156056 0.0036044 0.0018321 0.0106017 0.0132758 0.0079379 0.0106017 0.0099315 0.0141610 0.0108861 0.0070438 0.0105973 1.2217210 0.0117892 0.0052787 0.0079383 0.0123703 0.0017492 0.0088226 0.0123617 0.0028570 0.0151287 0.0163420 0.0000000 0.0017859 0.0080065 0.0125558 0.0125101 0.0123703 0.0146454 0.0039554 0.0017492 0.0132916 0.0070965 0.0132916 0.0141685 0.0109032 0.0017704 0.0105836 0.0086347 0.0018000 0.0061607 0.0123731 0.0079381 0.0027174 0.0142044 0.0079381 0.0115806 0.0135365 
Viburnum_formosanum      1.0979366 1.1990563 0.0000010 0.0091096 0.0096196 0.0000010 0.0137389 0.0017991 0.0000010 0.0090022 0.0108009 0.0062908 0.0090022 0.0081079 0.0117156 0.0097826 0.0053826 0.0089984 1.2232963 0.0099535 0.0035856 0.0062911 0.0098965 0.0000010 0.0090075 0.0098895 0.0009501 0.0126721 0.0135916 0.0017859 0.0000000 0.0063463 0.0105992 0.0105608 0.0098965 0.0127862 0.0039545 0.0000010 0.0108276 0.0054237 0.0108276 0.0126329 0.0090658 0.0000010 0.0080819 0.0086329 0.0000010 0.0044836 0.0108066 0.0062910 0.0009031 0.0126657 0.0062910 0.0096279 0.0115745 
Viburnum_furcatum        1.1383078 1.2506943 0.0063967 0.0082674 0.0087343 0.0064136 0.0129311 0.0082352 0.0065128 0.0053202 0.0143014 0.0089072 0.0053202 0.0045312 0.0151954 0.0098859 0.0080026 0.0079953 1.2801443 0.0063718 0.0080214 0.0089077 0.0133852 0.0062139 0.0116058 0.0133759 0.0077430 0.0125334 0.0137004 0.0080065 0.0063463 0.0000000 0.0067877 0.0136192 0.0133852 0.0119726 0.0110874 0.0062139 0.0143185 0.0008827 0.0143185 0.0088875 0.0082274 0.0062915 0.0115791 0.0116631 0.0063974 0.0071104 0.0070961 0.0089074 0.0073588 0.0116100 0.0089074 0.0058134 0.0107041 
Viburnum_glomeratum      1.1237836 1.2402304 0.0105992 0.0125614 0.0125316 0.0105992 0.0155298 0.0125466 0.0105992 0.0009556 0.0184080 0.0135411 0.0009556 0.0019128 0.0194033 0.0119636 0.0115783 0.0096186 1.2660362 0.0019151 0.0125822 0.0135407 0.0174310 0.0105992 0.0145133 0.0174168 0.0115859 0.0144984 0.0154837 0.0125558 0.0105992 0.0067877 0.0000000 0.0174674 0.0174310 0.0144984 0.0150136 0.0105992 0.0184570 0.0057998 0.0184570 0.0057577 0.0125316 0.0105992 0.0154620 0.0135443 0.0105992 0.0115783 0.0038304 0.0135413 0.0115682 0.0135182 0.0135413 0.0009556 0.0144984 
Viburnum_hallii          1.1159035 1.2056531 0.0105608 0.0164370 0.0164693 0.0105608 0.0194244 0.0125010 0.0106059 0.0164131 0.0018989 0.0134917 0.0164131 0.0154267 0.0028521 0.0175238 0.0115363 0.0154335 1.2328595 0.0174141 0.0144960 0.0134924 0.0009490 0.0105608 0.0164237 0.0047553 0.0115438 0.0183777 0.0193671 0.0125101 0.0105608 0.0136192 0.0174674 0.0000000 0.0009490 0.0183777 0.0150232 0.0105608 0.0019039 0.0126059 0.0019039 0.0193496 0.0163989 0.0105608 0.0028497 0.0154559 0.0105608 0.0115363 0.0173771 0.0134920 0.0115263 0.0173929 0.0134920 0.0164836 0.0184567 
Viburnum_hartwegii       1.1180187 1.2101967 0.0099745 0.0155583 0.0164341 0.0100008 0.0202441 0.0118037 0.0101542 0.0159515 0.0008739 0.0132703 0.0159515 0.0144805 0.0017472 0.0174817 0.0123642 0.0159450 1.2328595 0.0163629 0.0141911 0.0132710 0.0000010 0.0105803 0.0159608 0.0034961 0.0115201 0.0205314 0.0209318 0.0123703 0.0098965 0.0133852 0.0174310 0.0009490 0.0000000 0.0192699 0.0149907 0.0105803 0.0008748 0.0124570 0.0008748 0.0195420 0.0154836 0.0098117 0.0017461 0.0154237 0.0099757 0.0114761 0.0177303 0.0132705 0.0109527 0.0195925 0.0132705 0.0164491 0.0184182 
Viburnum_henryi          1.1349842 1.2429874 0.0128050 0.0082579 0.0038214 0.0128802 0.0036123 0.0127798 0.0111178 0.0146305 0.0201964 0.0155817 0.0146305 0.0136986 0.0211417 0.0000010 0.0137012 0.0146243 1.2689263 0.0155757 0.0146743 0.0155815 0.0192699 0.0127862 0.0183751 0.0192551 0.0125107 0.0000010 0.0027004 0.0146454 0.0127862 0.0119726 0.0144984 0.0183777 0.0192699 0.0000000 0.0160314 0.0127862 0.0202472 0.0110190 0.0202472 0.0183320 0.0054383 0.0127862 0.0174005 0.0164285 0.0128283 0.0137170 0.0164654 0.0155820 0.0138342 0.0017975 0.0155820 0.0135209 0.0000010 
Viburnum_hupehense       1.0964703 1.1890527 0.0039545 0.0140221 0.0139883 0.0039545 0.0171061 0.0059415 0.0039545 0.0140009 0.0159978 0.0109798 0.0140009 0.0129826 0.0170215 0.0143019 0.0089617 0.0129886 1.1923734 0.0129738 0.0079628 0.0109804 0.0149907 0.0039545 0.0119822 0.0149790 0.0049533 0.0160314 0.0170535 0.0039554 0.0039545 0.0110874 0.0150136 0.0150232 0.0149907 0.0160314 0.0000000 0.0039545 0.0160419 0.0100466 0.0160419 0.0170375 0.0139883 0.0039545 0.0129650 0.0109826 0.0039545 0.0089617 0.0149997 0.0109801 0.0049455 0.0150138 0.0109801 0.0140009 0.0160314 
Viburnum_japonicum       1.1084624 1.1990563 0.0000010 0.0091096 0.0096196 0.0000010 0.0137389 0.0017991 0.0000010 0.0088157 0.0114809 0.0061607 0.0088157 0.0081079 0.0123641 0.0097826 0.0052715 0.0088121 1.2232963 0.0099535 0.0035116 0.0061610 0.0105803 0.0000010 0.0088208 0.0105729 0.0009501 0.0133198 0.0144932 0.0017492 0.0000010 0.0062139 0.0105992 0.0105608 0.0105803 0.0127862 0.0039545 0.0000000 0.0114946 0.0053109 0.0114946 0.0123707 0.0090658 0.0000010 0.0088007 0.0086329 0.0000010 0.0043911 0.0105827 0.0061609 0.0009031 0.0124021 0.0061609 0.0096279 0.0115745 
Viburnum_jucundum        1.1252312 1.2229156 0.0109133 0.0165232 0.0174562 0.0109420 0.0212270 0.0127490 0.0111104 0.0168856 0.0017525 0.0141953 0.0168856 0.0154304 0.0026287 0.0186409 0.0132851 0.0168787 1.2460497 0.0173235 0.0151222 0.0141960 0.0008748 0.0114946 0.0168965 0.0043826 0.0125197 0.0214857 0.0219059 0.0132916 0.0108276 0.0143185 0.0184570 0.0019039 0.0008748 0.0202472 0.0160419 0.0114946 0.0000000 0.0133852 0.0000010 0.0204893 0.0164425 0.0107347 0.0026266 0.0164389 0.0109145 0.0123941 0.0186698 0.0141955 0.0119004 0.0205419 0.0141955 0.0174714 0.0194484 
Viburnum_lantanoides     1.1311875 1.2379633 0.0054666 0.0073271 0.0077396 0.0054811 0.0119709 0.0072985 0.0055656 0.0044207 0.0133691 0.0079934 0.0044207 0.0036142 0.0142605 0.0087564 0.0070930 0.0070864 1.2668664 0.0054455 0.0071097 0.0079938 0.0124570 0.0053109 0.0106823 0.0124484 0.0067541 0.0116039 0.0127497 0.0070965 0.0054237 0.0008827 0.0057998 0.0126059 0.0124570 0.0110190 0.0100466 0.0053109 0.0133852 0.0000000 0.0133852 0.0079757 0.0072915 0.0053770 0.0106577 0.0106568 0.0054673 0.0062037 0.0061912 0.0079937 0.0064198 0.0106862 0.0079937 0.0048293 0.0097007 
Viburnum_lautum          1.1252312 1.2229156 0.0109133 0.0165232 0.0174562 0.0109420 0.0212270 0.0127490 0.0111104 0.0168856 0.0017525 0.0141953 0.0168856 0.0154304 0.0026287 0.0186409 0.0132851 0.0168787 1.2460497 0.0173235 0.0151222 0.0141960 0.0008748 0.0114946 0.0168965 0.0043826 0.0125197 0.0214857 0.0219059 0.0132916 0.0108276 0.0143185 0.0184570 0.0019039 0.0008748 0.0202472 0.0160419 0.0114946 0.0000010 0.0133852 0.0000000 0.0204893 0.0164425 0.0107347 0.0026266 0.0164389 0.0109145 0.0123941 0.0186698 0.0141955 0.0119004 0.0205419 0.0141955 0.0174714 0.0194484 
Viburnum_lentago         1.1427622 1.2579266 0.0127329 0.0146278 0.0144778 0.0127665 0.0193036 0.0145712 0.0129629 0.0052719 0.0204643 0.0150727 0.0052719 0.0044891 0.0213543 0.0141590 0.0141615 0.0141487 1.2844373 0.0063125 0.0141944 0.0150735 0.0195420 0.0123707 0.0177734 0.0195285 0.0134763 0.0187132 0.0181449 0.0141685 0.0126329 0.0088875 0.0057577 0.0193496 0.0195420 0.0183320 0.0170375 0.0123707 0.0204893 0.0079757 0.0204893 0.0000000 0.0145575 0.0125245 0.0177325 0.0173991 0.0127343 0.0132707 0.0017497 0.0150729 0.0137322 0.0177793 0.0150729 0.0047943 0.0164534 
Viburnum_lutescens       1.1064633 1.2176443 0.0090658 0.0054774 0.0000010 0.0091552 0.0063533 0.0090727 0.0092291 0.0108921 0.0164017 0.0099872 0.0108921 0.0099843 0.0173350 0.0032324 0.0090631 0.0108875 1.2426039 0.0118523 0.0109239 0.0099877 0.0154836 0.0090658 0.0145905 0.0154725 0.0105577 0.0054247 0.0063355 0.0109032 0.0090658 0.0082274 0.0125316 0.0163989 0.0154836 0.0054383 0.0139883 0.0090658 0.0164425 0.0072915 0.0164425 0.0145575 0.0000000 0.0090658 0.0136360 0.0144566 0.0091185 0.0081532 0.0127121 0.0118271 0.0100954 0.0045163 0.0118271 0.0115583 0.0038214 
Viburnum_luzonicum       1.0970819 1.1990563 0.0000010 0.0091232 0.0096196 0.0000010 0.0137389 0.0017991 0.0000010 0.0089251 0.0107216 0.0062370 0.0089251 0.0081199 0.0116152 0.0097826 0.0053367 0.0089214 1.2232963 0.0099682 0.0035550 0.0062373 0.0098117 0.0000010 0.0089303 0.0098049 0.0009501 0.0125630 0.0145146 0.0017704 0.0000010 0.0062915 0.0105992 0.0105608 0.0098117 0.0127862 0.0039545 0.0000010 0.0107347 0.0053770 0.0107347 0.0125245 0.0090658 0.0000000 0.0080129 0.0086329 0.0000010 0.0044453 0.0107140 0.0062372 0.0009031 0.0125567 0.0062372 0.0096279 0.0115745 
Viburnum_molle           1.1166857 1.2117444 0.0081455 0.0137018 0.0144714 0.0081670 0.0183686 0.0099688 0.0082920 0.0141529 0.0026234 0.0114797 0.0141529 0.0126465 0.0034985 0.0152617 0.0105784 0.0141471 1.2344453 0.0145173 0.0123944 0.0114803 0.0017461 0.0088007 0.0141612 0.0017448 0.0095809 0.0187112 0.0190754 0.0105836 0.0080819 0.0115791 0.0154620 0.0028497 0.0017461 0.0174005 0.0129650 0.0088007 0.0026266 0.0106577 0.0026266 0.0177325 0.0136360 0.0080129 0.0000000 0.0134677 0.0081465 0.0096927 0.0159278 0.0114800 0.0091099 0.0177774 0.0114800 0.0144838 0.0164451 
Viburnum_opulus          1.1214073 1.2220731 0.0086329 0.0125312 0.0145186 0.0086329 0.0155029 0.0105682 0.0086696 0.0125131 0.0163953 0.0096132 0.0125131 0.0134862 0.0173833 0.0130834 0.0096049 0.0095954 1.2471850 0.0135031 0.0125520 0.0115536 0.0154237 0.0086329 0.0047840 0.0154110 0.0096111 0.0164285 0.0174149 0.0086347 0.0086329 0.0116631 0.0135443 0.0154559 0.0154237 0.0164285 0.0109826 0.0086329 0.0164389 0.0106568 0.0164389 0.0173991 0.0144566 0.0086329 0.0134677 0.0000000 0.0086329 0.0096049 0.0154326 0.0096071 0.0095965 0.0154465 0.0096071 0.0125666 0.0164992 
Viburnum_parvifolium     1.0961677 1.1990563 0.0000010 0.0091232 0.0096196 0.0000010 0.0138196 0.0018056 0.0000010 0.0090743 0.0108873 0.0063410 0.0090743 0.0081565 0.0118095 0.0097826 0.0054256 0.0090704 1.2232963 0.0100008 0.0036142 0.0063414 0.0099757 0.0000010 0.0090797 0.0099686 0.0009501 0.0127740 0.0137010 0.0018000 0.0000010 0.0063974 0.0105992 0.0105608 0.0099757 0.0128283 0.0039545 0.0000010 0.0109145 0.0054673 0.0109145 0.0127343 0.0091185 0.0000010 0.0081465 0.0086329 0.0000000 0.0045193 0.0108932 0.0063413 0.0009031 0.0127676 0.0063413 0.0096279 0.0115745 
Viburnum_propinquum      1.1074121 1.1947274 0.0045188 0.0100333 0.0086508 0.0045307 0.0146736 0.0063347 0.0046000 0.0097093 0.0123793 0.0017501 0.0097093 0.0090202 0.0132637 0.0119811 0.0008731 0.0097053 1.2187972 0.0108721 0.0079509 0.0017502 0.0114761 0.0043911 0.0097149 0.0114682 0.0057398 0.0142255 0.0154195 0.0061607 0.0044836 0.0071104 0.0115783 0.0115363 0.0114761 0.0137170 0.0089617 0.0043911 0.0123941 0.0062037 0.0123941 0.0132707 0.0081532 0.0044453 0.0096927 0.0096049 0.0045193 0.0000000 0.0114787 0.0043907 0.0054581 0.0133043 0.0043907 0.0106049 0.0125559 
Viburnum_prunifolium     1.1427622 1.2492271 0.0108919 0.0127735 0.0125206 0.0109206 0.0174296 0.0127241 0.0110883 0.0035078 0.0186478 0.0132733 0.0035078 0.0026881 0.0195360 0.0119517 0.0123670 0.0123558 1.2753944 0.0045000 0.0123958 0.0132740 0.0177303 0.0105827 0.0159645 0.0177181 0.0115266 0.0168974 0.0181449 0.0123731 0.0108066 0.0070961 0.0038304 0.0173771 0.0177303 0.0164654 0.0149997 0.0105827 0.0186698 0.0061912 0.0186698 0.0017497 0.0127121 0.0107140 0.0159278 0.0154326 0.0108932 0.0114787 0.0000000 0.0132736 0.0118771 0.0159699 0.0132736 0.0028705 0.0144857 
Viburnum_rigidum         1.1158154 1.2149620 0.0063406 0.0100355 0.0125521 0.0063572 0.0165450 0.0081629 0.0064547 0.0114996 0.0141787 0.0061602 0.0114996 0.0108484 0.0150649 0.0130935 0.0052711 0.0097074 1.2397931 0.0127124 0.0097389 0.0061605 0.0132705 0.0061609 0.0115063 0.0132614 0.0076711 0.0160388 0.0172722 0.0079381 0.0062910 0.0089074 0.0135413 0.0134920 0.0132705 0.0155820 0.0109801 0.0061609 0.0141955 0.0079937 0.0141955 0.0150729 0.0118271 0.0062372 0.0114800 0.0096071 0.0063413 0.0043907 0.0132736 0.0000000 0.0072938 0.0151122 0.0000010 0.0125639 0.0145234 
Viburnum_sambucinum      1.0914859 1.1911599 0.0009088 0.0100599 0.0105865 0.0009031 0.0148375 0.0027269 0.0009239 0.0100461 0.0118707 0.0072936 0.0100461 0.0091212 0.0128001 0.0108753 0.0063705 0.0100418 1.2151089 0.0109805 0.0045468 0.0072940 0.0109527 0.0009031 0.0100521 0.0109449 0.0019012 0.0137751 0.0147105 0.0027174 0.0009031 0.0073588 0.0115682 0.0115263 0.0109527 0.0138342 0.0049455 0.0009031 0.0119004 0.0064198 0.0119004 0.0137322 0.0100954 0.0009031 0.0091099 0.0095965 0.0009031 0.0054581 0.0118771 0.0072938 0.0000000 0.0137682 0.0072938 0.0105956 0.0125450 
Viburnum_sieboldii       1.1468149 1.2347315 0.0118491 0.0082065 0.0028632 0.0127998 0.0026993 0.0127573 0.0101685 0.0141904 0.0205172 0.0151120 0.0141904 0.0135967 0.0214096 0.0010753 0.0132895 0.0141846 1.2603552 0.0154790 0.0142316 0.0151117 0.0195925 0.0124021 0.0178198 0.0195779 0.0115368 0.0026224 0.0035660 0.0142044 0.0126657 0.0116100 0.0135182 0.0173929 0.0195925 0.0017975 0.0150138 0.0124021 0.0205419 0.0106862 0.0205419 0.0177793 0.0045163 0.0125567 0.0177774 0.0154465 0.0127676 0.0133043 0.0159699 0.0151122 0.0137682 0.0000000 0.0151122 0.0125425 0.0009517 
Viburnum_tinus           1.1158154 1.2149620 0.0063406 0.0100355 0.0125521 0.0063572 0.0165450 0.0081629 0.0064547 0.0114996 0.0141787 0.0061602 0.0114996 0.0108484 0.0150649 0.0130935 0.0052711 0.0097074 1.2397931 0.0127124 0.0097389 0.0061605 0.0132705 0.0061609 0.0115063 0.0132614 0.0076711 0.0160388 0.0172722 0.0079381 0.0062910 0.0089074 0.0135413 0.0134920 0.0132705 0.0155820 0.0109801 0.0061609 0.0141955 0.0079937 0.0141955 0.0150729 0.0118271 0.0062372 0.0114800 0.0096071 0.0063413 0.0043907 0.0132736 0.0000010 0.0072938 0.0151122 0.0000000 0.0125639 0.0145234 
Viburnum_utile           1.1305935 1.2517578 0.0096279 0.0115849 0.0115583 0.0096279 0.0145474 0.0115721 0.0096279 0.0000010 0.0174250 0.0125636 0.0000010 0.0009556 0.0184180 0.0108661 0.0106049 0.0086498 1.2780425 0.0009568 0.0116049 0.0125634 0.0164491 0.0096279 0.0135347 0.0164358 0.0106118 0.0135209 0.0145042 0.0115806 0.0096279 0.0058134 0.0009556 0.0164836 0.0164491 0.0135209 0.0140009 0.0096279 0.0174714 0.0048293 0.0174714 0.0047943 0.0115583 0.0096279 0.0144838 0.0125666 0.0096279 0.0106049 0.0028705 0.0125639 0.0105956 0.0125425 0.0125639 0.0000000 0.0135209 
Viburnum_yunnanense      1.1291308 1.2429874 0.0115745 0.0067328 0.0038214 0.0115745 0.0038212 0.0115684 0.0115745 0.0135209 0.0193968 0.0145232 0.0135209 0.0125382 0.0203944 0.0000010 0.0125559 0.0125436 1.2689263 0.0145173 0.0135639 0.0145239 0.0184182 0.0115745 0.0174717 0.0184042 0.0125652 0.0000010 0.0028611 0.0135365 0.0115745 0.0107041 0.0144984 0.0184567 0.0184182 0.0000010 0.0160314 0.0115745 0.0194484 0.0097007 0.0194484 0.0164534 0.0038214 0.0115745 0.0164451 0.0164992 0.0115745 0.0125559 0.0144857 0.0145234 0.0125450 0.0009517 0.0145234 0.0135209 0.0000000 
