95
Viburnum_acerifolium        0.0000000 0.0132688 0.0272813 0.0135285 0.0125187 0.0258423 0.0103766 0.0124518 0.0204804 0.0294364 0.0056962 0.0134798 0.0204804 0.0134798 0.0093939 0.0053228 0.0061682 0.0096752 0.0103766 0.0056962 0.0065871 0.0056962 0.0074994 0.0124186 0.0113845 0.0156882 0.0218515 0.0048415 0.0156882 0.0075245 0.0124186 0.0233670 0.0135285 0.0103766 0.0113845 0.0272813 0.0174085 0.0084354 0.0134798 0.0168376 0.0258690 0.0134798 0.0124851 0.0104127 0.0145693 0.0094262 0.0180186 0.0191972 0.0134798 0.0145693 0.0258423 0.0124186 0.0124186 0.0145693 0.0134798 0.0031873 0.0113845 0.0113845 0.0056962 0.0124186 0.0134798 0.0048260 0.0168376 0.0103766 0.0056962 0.0049576 0.0145693 0.0093939 0.0134798 0.0230855 0.0124186 0.0084354 0.0031447 0.0084354 0.0113845 0.0056962 0.0113845 0.0145693 0.0048260 0.0217107 0.0124186 0.0134798 0.0124186 0.0113845 0.0084354 0.0084640 0.0093939 0.0156882 0.0106313 0.0124186 0.0113845 0.0093939 0.0052923 0.0180186 0.0244442 
Viburnum_acutifolium        0.0132688 0.0000000 0.0276503 0.0150216 0.0000010 0.0252938 0.0098676 0.0150216 0.0208995 0.0314365 0.0098676 0.0012563 0.0230458 0.0098676 0.0115133 0.0067711 0.0113774 0.0115133 0.0098676 0.0098676 0.0098676 0.0067711 0.0098676 0.0150216 0.0150216 0.0168937 0.0252938 0.0082885 0.0168937 0.0098676 0.0053134 0.0213120 0.0039104 0.0132297 0.0067711 0.0276503 0.0178551 0.0115133 0.0168937 0.0168937 0.0276503 0.0168937 0.0000010 0.0150216 0.0168937 0.0132297 0.0188512 0.0178939 0.0168937 0.0168937 0.0252938 0.0000010 0.0000010 0.0168937 0.0168937 0.0101102 0.0012563 0.0168937 0.0098676 0.0012563 0.0098676 0.0082885 0.0168937 0.0115133 0.0082885 0.0098676 0.0150216 0.0115133 0.0132297 0.0230458 0.0132297 0.0082885 0.0098676 0.0132297 0.0168937 0.0067711 0.0168937 0.0168937 0.0082885 0.0252938 0.0150216 0.0039104 0.0012563 0.0150216 0.0115133 0.0115133 0.0098676 0.0168937 0.0000010 0.0168937 0.0012563 0.0098676 0.0067711 0.0188512 0.0230458 
Viburnum_adenophorum        0.0272813 0.0276503 0.0000000 0.0192510 0.0193442 0.0007588 0.0179674 0.0192325 0.0134435 0.0000010 0.0191771 0.0243697 0.0048143 0.0204206 0.0204206 0.0138184 0.0210792 0.0161511 0.0179674 0.0191771 0.0191771 0.0191771 0.0217005 0.0217005 0.0204206 0.0113546 0.0007611 0.0168534 0.0113546 0.0180357 0.0217005 0.0023488 0.0180357 0.0191771 0.0179674 0.0000010 0.0077060 0.0191771 0.0093699 0.0074807 0.0000010 0.0156448 0.0192882 0.0205004 0.0103497 0.0192510 0.0134435 0.0092763 0.0093699 0.0134435 0.0007588 0.0230162 0.0230162 0.0103497 0.0156448 0.0220709 0.0243697 0.0230162 0.0217005 0.0257625 0.0204206 0.0204206 0.0074807 0.0217005 0.0179674 0.0150641 0.0191771 0.0204206 0.0179674 0.0039663 0.0179674 0.0204206 0.0217005 0.0191771 0.0230162 0.0191771 0.0204206 0.0134435 0.0204206 0.0007937 0.0217005 0.0217005 0.0257625 0.0230162 0.0191771 0.0157027 0.0167904 0.0134435 0.0250825 0.0217005 0.0217005 0.0167904 0.0167647 0.0134435 0.0015336 
Viburnum_amplificatum       0.0135285 0.0150216 0.0192510 0.0000000 0.0124851 0.0180357 0.0094020 0.0057008 0.0157027 0.0193216 0.0094020 0.0157027 0.0192510 0.0124296 0.0065925 0.0053134 0.0091712 0.0049494 0.0094020 0.0094020 0.0094020 0.0075056 0.0094020 0.0113945 0.0048299 0.0157027 0.0180357 0.0084426 0.0157027 0.0094020 0.0134920 0.0158791 0.0134920 0.0094020 0.0103856 0.0192510 0.0162283 0.0057008 0.0134920 0.0157027 0.0192510 0.0113945 0.0124518 0.0075056 0.0145826 0.0084426 0.0157027 0.0192984 0.0134920 0.0145826 0.0180357 0.0124296 0.0124296 0.0145826 0.0113945 0.0095408 0.0134920 0.0065925 0.0094020 0.0145826 0.0124296 0.0084426 0.0157027 0.0075056 0.0084426 0.0077325 0.0057008 0.0065925 0.0134920 0.0205004 0.0075056 0.0084426 0.0094020 0.0113945 0.0065925 0.0075056 0.0124296 0.0145826 0.0084426 0.0177525 0.0057008 0.0134920 0.0145826 0.0065925 0.0057008 0.0057008 0.0075056 0.0134920 0.0119903 0.0134920 0.0113945 0.0075056 0.0067256 0.0157027 0.0168534 
Viburnum_anabaptista        0.0125187 0.0000010 0.0193442 0.0124851 0.0000000 0.0181219 0.0075371 0.0094424 0.0157757 0.0207509 0.0075371 0.0023432 0.0157757 0.0084784 0.0084784 0.0043722 0.0081828 0.0086622 0.0075371 0.0075371 0.0066198 0.0057241 0.0075371 0.0094424 0.0084784 0.0146495 0.0181219 0.0066198 0.0146495 0.0075371 0.0039948 0.0159537 0.0023432 0.0094424 0.0066198 0.0193442 0.0128881 0.0075371 0.0124851 0.0124851 0.0193442 0.0114448 0.0000010 0.0114448 0.0135530 0.0094424 0.0135530 0.0094073 0.0124851 0.0135530 0.0181219 0.0000010 0.0000010 0.0135530 0.0114448 0.0086025 0.0007640 0.0124851 0.0075371 0.0015443 0.0084784 0.0066198 0.0124851 0.0094424 0.0057241 0.0067884 0.0094424 0.0084784 0.0094424 0.0169328 0.0094424 0.0066198 0.0084784 0.0114448 0.0124851 0.0057241 0.0124851 0.0135530 0.0066198 0.0177525 0.0094424 0.0023432 0.0015443 0.0104308 0.0075371 0.0075371 0.0057241 0.0135530 0.0000010 0.0135530 0.0007640 0.0057241 0.0067256 0.0135530 0.0169328 
Viburnum_annamensis         0.0258423 0.0252938 0.0007588 0.0180357 0.0181219 0.0000000 0.0167904 0.0180186 0.0123856 0.0008013 0.0179674 0.0230162 0.0039663 0.0191771 0.0191771 0.0126494 0.0197233 0.0149934 0.0167904 0.0179674 0.0179674 0.0179674 0.0204206 0.0204206 0.0191771 0.0103497 0.0000010 0.0157027 0.0103497 0.0168534 0.0204206 0.0031671 0.0168534 0.0179674 0.0167904 0.0007588 0.0067654 0.0179674 0.0084141 0.0065708 0.0007593 0.0167904 0.0180701 0.0192510 0.0093699 0.0180357 0.0123856 0.0075599 0.0084141 0.0123856 0.0000010 0.0217005 0.0217005 0.0093699 0.0167904 0.0207642 0.0230162 0.0217005 0.0204206 0.0243697 0.0191771 0.0191771 0.0065708 0.0204206 0.0167904 0.0139313 0.0179674 0.0191771 0.0167904 0.0048143 0.0167904 0.0191771 0.0204206 0.0204206 0.0217005 0.0179674 0.0191771 0.0123856 0.0191771 0.0000010 0.0204206 0.0204206 0.0243697 0.0217005 0.0179674 0.0145826 0.0179674 0.0123856 0.0232213 0.0204206 0.0204206 0.0179674 0.0149094 0.0123856 0.0023269 
Viburnum_atrocyaneum        0.0103766 0.0098676 0.0179674 0.0094020 0.0075371 0.0167904 0.0000000 0.0093939 0.0123856 0.0179655 0.0056823 0.0113546 0.0145296 0.0048143 0.0084141 0.0025592 0.0052073 0.0058437 0.0000010 0.0056823 0.0084141 0.0056823 0.0023269 0.0113546 0.0103497 0.0093699 0.0168534 0.0023341 0.0093699 0.0000010 0.0074807 0.0146899 0.0084426 0.0056823 0.0039663 0.0179674 0.0117133 0.0074807 0.0074807 0.0113546 0.0179844 0.0065708 0.0075182 0.0065925 0.0084141 0.0065925 0.0103497 0.0110710 0.0074807 0.0084141 0.0167904 0.0103497 0.0103497 0.0084141 0.0065708 0.0066639 0.0093699 0.0123856 0.0056823 0.0103497 0.0048143 0.0048143 0.0113546 0.0093699 0.0074807 0.0040929 0.0093699 0.0084141 0.0074807 0.0156448 0.0113546 0.0031373 0.0065708 0.0093699 0.0123856 0.0056823 0.0084141 0.0084141 0.0048143 0.0165287 0.0113546 0.0113546 0.0103497 0.0103497 0.0074807 0.0048299 0.0074807 0.0084141 0.0092691 0.0093699 0.0093699 0.0074807 0.0025429 0.0103497 0.0156448 
Viburnum_awabuki            0.0124518 0.0150216 0.0192325 0.0057008 0.0094424 0.0180186 0.0093939 0.0000000 0.0156882 0.0206224 0.0084354 0.0124186 0.0168376 0.0124186 0.0039757 0.0053134 0.0091628 0.0040762 0.0093939 0.0084354 0.0065871 0.0065871 0.0084354 0.0084354 0.0007605 0.0156882 0.0168534 0.0075056 0.0156882 0.0084426 0.0103766 0.0158642 0.0103856 0.0084354 0.0103766 0.0192325 0.0139184 0.0048260 0.0134798 0.0134798 0.0192325 0.0093939 0.0094181 0.0048299 0.0145693 0.0039789 0.0134798 0.0170776 0.0134798 0.0145693 0.0180186 0.0093939 0.0093939 0.0145693 0.0093939 0.0085583 0.0103766 0.0023323 0.0084354 0.0113845 0.0124186 0.0074994 0.0134798 0.0048260 0.0056962 0.0067884 0.0000010 0.0039757 0.0103766 0.0180186 0.0048260 0.0074994 0.0084354 0.0103766 0.0023323 0.0065871 0.0093939 0.0145693 0.0074994 0.0165287 0.0015371 0.0103766 0.0113845 0.0056962 0.0048260 0.0048299 0.0048260 0.0134798 0.0119903 0.0103766 0.0084354 0.0048260 0.0067256 0.0134798 0.0168376 
Viburnum_beccarii           0.0204804 0.0208995 0.0134435 0.0157027 0.0157757 0.0123856 0.0123856 0.0156882 0.0000000 0.0143451 0.0156448 0.0204206 0.0134435 0.0156448 0.0167904 0.0093341 0.0171293 0.0127703 0.0123856 0.0156448 0.0156448 0.0156448 0.0156448 0.0179674 0.0167904 0.0103497 0.0124296 0.0113945 0.0103497 0.0124296 0.0134435 0.0104581 0.0168534 0.0134435 0.0134435 0.0134435 0.0106724 0.0156448 0.0084141 0.0103497 0.0134556 0.0145296 0.0157318 0.0145826 0.0093699 0.0157027 0.0015336 0.0129508 0.0084141 0.0074807 0.0123856 0.0191771 0.0191771 0.0093699 0.0145296 0.0158939 0.0179674 0.0217005 0.0156448 0.0191771 0.0156448 0.0145296 0.0103497 0.0179674 0.0145296 0.0096923 0.0156448 0.0167904 0.0156448 0.0145296 0.0179674 0.0167904 0.0156448 0.0156448 0.0217005 0.0156448 0.0191771 0.0074807 0.0145296 0.0130567 0.0179674 0.0204206 0.0191771 0.0167904 0.0156448 0.0124296 0.0156448 0.0065708 0.0180480 0.0204206 0.0179674 0.0156448 0.0114309 0.0015336 0.0113546 
Viburnum_betulifolium       0.0294364 0.0314365 0.0000010 0.0193216 0.0207509 0.0008013 0.0179655 0.0206224 0.0143451 0.0000000 0.0205587 0.0262327 0.0051010 0.0192432 0.0219148 0.0148460 0.0210792 0.0173040 0.0179655 0.0205587 0.0205587 0.0205587 0.0219148 0.0233110 0.0219148 0.0120953 0.0008039 0.0180376 0.0120953 0.0180376 0.0233110 0.0024605 0.0193216 0.0205587 0.0192432 0.0000010 0.0079442 0.0205587 0.0099648 0.0079442 0.0000010 0.0167242 0.0206864 0.0220067 0.0110158 0.0206437 0.0143451 0.0092763 0.0099648 0.0143451 0.0008013 0.0247498 0.0247498 0.0110158 0.0167242 0.0233110 0.0262327 0.0247498 0.0233110 0.0277613 0.0192432 0.0219148 0.0079442 0.0233110 0.0192432 0.0161290 0.0205587 0.0219148 0.0192432 0.0041995 0.0192432 0.0205587 0.0233110 0.0205587 0.0247498 0.0205587 0.0205587 0.0143451 0.0219148 0.0008404 0.0233110 0.0233110 0.0277613 0.0247498 0.0205587 0.0167904 0.0179655 0.0143451 0.0277886 0.0219148 0.0233110 0.0179655 0.0187707 0.0143451 0.0016206 
Viburnum_bitchiuense        0.0056962 0.0098676 0.0191771 0.0094020 0.0075371 0.0179674 0.0056823 0.0084354 0.0156448 0.0205587 0.0000000 0.0084141 0.0156448 0.0084141 0.0056823 0.0016847 0.0000010 0.0058437 0.0056823 0.0000010 0.0039663 0.0015336 0.0031373 0.0084141 0.0074807 0.0103497 0.0145826 0.0007611 0.0103497 0.0031472 0.0084141 0.0158198 0.0084426 0.0065708 0.0065708 0.0191771 0.0127820 0.0048143 0.0084141 0.0123856 0.0179844 0.0093699 0.0075182 0.0065925 0.0093699 0.0065925 0.0134435 0.0169904 0.0084141 0.0113546 0.0179674 0.0074807 0.0074807 0.0093699 0.0093699 0.0023580 0.0065708 0.0093699 0.0015336 0.0074807 0.0084141 0.0007588 0.0123856 0.0065708 0.0031373 0.0023995 0.0103497 0.0056823 0.0084141 0.0167904 0.0065708 0.0039663 0.0023269 0.0048143 0.0093699 0.0015336 0.0074807 0.0113546 0.0007588 0.0141821 0.0084141 0.0084141 0.0074807 0.0074807 0.0048143 0.0048299 0.0048143 0.0113546 0.0079765 0.0084141 0.0065708 0.0048143 0.0025429 0.0134435 0.0167904 
Viburnum_blandum            0.0134798 0.0012563 0.0243697 0.0157027 0.0023432 0.0230162 0.0113546 0.0124186 0.0204206 0.0262327 0.0084141 0.0000000 0.0230162 0.0123856 0.0113546 0.0062789 0.0091377 0.0117027 0.0113546 0.0084141 0.0093699 0.0084141 0.0084141 0.0123856 0.0113546 0.0191771 0.0192510 0.0075056 0.0191771 0.0084426 0.0065708 0.0206620 0.0048299 0.0123856 0.0103497 0.0243697 0.0198439 0.0103497 0.0167904 0.0191771 0.0230392 0.0134435 0.0023378 0.0124296 0.0179674 0.0124296 0.0179674 0.0191637 0.0167904 0.0179674 0.0230162 0.0023269 0.0023269 0.0179674 0.0134435 0.0095077 0.0015336 0.0156448 0.0084141 0.0023269 0.0123856 0.0074807 0.0191771 0.0123856 0.0084141 0.0077325 0.0145296 0.0113546 0.0123856 0.0217005 0.0123856 0.0093699 0.0093699 0.0103497 0.0156448 0.0084141 0.0093699 0.0179674 0.0074807 0.0177525 0.0123856 0.0048143 0.0023269 0.0134435 0.0103497 0.0103856 0.0084141 0.0179674 0.0021063 0.0103497 0.0031373 0.0084141 0.0082315 0.0179674 0.0217005 
Viburnum_brachyandrum       0.0204804 0.0230458 0.0048143 0.0192510 0.0157757 0.0039663 0.0145296 0.0168376 0.0134435 0.0051010 0.0156448 0.0230162 0.0000000 0.0167904 0.0179674 0.0104086 0.0171293 0.0149934 0.0145296 0.0156448 0.0145296 0.0156448 0.0179674 0.0191771 0.0179674 0.0074807 0.0039789 0.0134920 0.0074807 0.0145826 0.0156448 0.0075561 0.0168534 0.0167904 0.0145296 0.0048143 0.0023918 0.0167904 0.0056823 0.0023269 0.0048182 0.0179674 0.0157318 0.0180357 0.0065708 0.0145826 0.0113546 0.0000010 0.0056823 0.0093699 0.0039663 0.0191771 0.0191771 0.0065708 0.0179674 0.0158939 0.0204206 0.0191771 0.0179674 0.0217005 0.0167904 0.0167904 0.0023269 0.0191771 0.0134435 0.0117557 0.0167904 0.0179674 0.0145296 0.0048143 0.0156448 0.0167904 0.0156448 0.0217005 0.0191771 0.0156448 0.0230162 0.0093699 0.0167904 0.0032869 0.0191771 0.0204206 0.0217005 0.0204206 0.0167904 0.0134920 0.0156448 0.0113546 0.0197069 0.0243697 0.0179674 0.0156448 0.0131330 0.0113546 0.0065708 
Viburnum_bracteatum         0.0134798 0.0098676 0.0204206 0.0124296 0.0084784 0.0191771 0.0048143 0.0124186 0.0156448 0.0192432 0.0084141 0.0123856 0.0167904 0.0000000 0.0113546 0.0043722 0.0071209 0.0086622 0.0048143 0.0084141 0.0113546 0.0084141 0.0074807 0.0145296 0.0134435 0.0113546 0.0192510 0.0048299 0.0113546 0.0048299 0.0084141 0.0169808 0.0094020 0.0084141 0.0015336 0.0204206 0.0138797 0.0103497 0.0093699 0.0134435 0.0204405 0.0093699 0.0084569 0.0094020 0.0103497 0.0094020 0.0134435 0.0129508 0.0093699 0.0074807 0.0191771 0.0113546 0.0113546 0.0103497 0.0093699 0.0095077 0.0103497 0.0156448 0.0084141 0.0113546 0.0000010 0.0074807 0.0134435 0.0123856 0.0103497 0.0067884 0.0123856 0.0113546 0.0084141 0.0179674 0.0123856 0.0084141 0.0093699 0.0123856 0.0156448 0.0084141 0.0123856 0.0074807 0.0074807 0.0177525 0.0145296 0.0123856 0.0113546 0.0134435 0.0103497 0.0075056 0.0103497 0.0113546 0.0092691 0.0134435 0.0103497 0.0103497 0.0052783 0.0134435 0.0179674 
Viburnum_brevitubum         0.0093939 0.0115133 0.0204206 0.0065925 0.0084784 0.0191771 0.0084141 0.0039757 0.0167904 0.0219148 0.0056823 0.0113546 0.0179674 0.0113546 0.0000000 0.0034544 0.0061519 0.0000010 0.0084141 0.0056823 0.0056823 0.0039663 0.0056823 0.0074807 0.0048143 0.0145296 0.0157027 0.0048299 0.0145296 0.0057008 0.0113546 0.0169808 0.0094020 0.0074807 0.0093699 0.0204206 0.0150074 0.0007588 0.0123856 0.0145296 0.0191955 0.0103497 0.0084569 0.0057008 0.0134435 0.0015383 0.0145296 0.0214499 0.0123856 0.0134435 0.0191771 0.0084141 0.0084141 0.0134435 0.0103497 0.0057618 0.0093699 0.0048143 0.0056823 0.0103497 0.0113546 0.0048143 0.0145296 0.0056823 0.0048143 0.0058682 0.0056823 0.0000010 0.0113546 0.0191771 0.0056823 0.0048143 0.0056823 0.0074807 0.0048143 0.0039663 0.0084141 0.0134435 0.0048143 0.0153390 0.0056823 0.0093699 0.0103497 0.0048143 0.0007588 0.0007611 0.0056823 0.0123856 0.0092691 0.0093699 0.0074807 0.0056823 0.0038851 0.0145296 0.0179674 
Viburnum_buddleifolium      0.0053228 0.0067711 0.0138184 0.0053134 0.0043722 0.0126494 0.0025592 0.0053134 0.0093341 0.0148460 0.0016847 0.0062789 0.0104086 0.0043722 0.0034544 0.0000000 0.0018306 0.0034544 0.0025592 0.0016847 0.0016847 0.0000010 0.0025592 0.0062789 0.0043722 0.0093341 0.0126494 0.0008327 0.0093341 0.0025592 0.0043722 0.0105283 0.0053134 0.0043722 0.0025592 0.0138184 0.0075088 0.0025592 0.0072698 0.0072698 0.0138184 0.0053134 0.0043722 0.0062789 0.0082885 0.0043722 0.0082885 0.0071592 0.0072698 0.0072698 0.0126494 0.0043722 0.0043722 0.0082885 0.0053134 0.0017092 0.0053134 0.0062789 0.0016847 0.0062789 0.0043722 0.0008327 0.0072698 0.0043722 0.0008327 0.0016847 0.0053134 0.0034544 0.0053134 0.0115133 0.0053134 0.0016847 0.0016847 0.0053134 0.0062789 0.0000010 0.0062789 0.0072698 0.0008327 0.0126494 0.0053134 0.0053134 0.0062789 0.0053134 0.0025592 0.0025592 0.0016847 0.0082885 0.0055157 0.0072698 0.0034544 0.0016847 0.0000010 0.0082885 0.0115133 
Viburnum_burejaeticum       0.0061682 0.0113774 0.0210792 0.0091712 0.0081828 0.0197233 0.0052073 0.0091628 0.0171293 0.0210792 0.0000010 0.0091377 0.0171293 0.0071209 0.0061519 0.0018306 0.0000000 0.0063415 0.0052073 0.0000010 0.0042859 0.0016527 0.0025099 0.0091377 0.0081164 0.0112643 0.0159518 0.0008197 0.0112643 0.0025183 0.0091377 0.0171293 0.0091712 0.0071209 0.0071209 0.0210792 0.0135111 0.0052073 0.0091377 0.0135111 0.0197438 0.0101866 0.0081606 0.0071464 0.0101866 0.0071464 0.0146827 0.0169904 0.0091377 0.0123721 0.0197233 0.0081164 0.0081164 0.0101866 0.0101866 0.0025099 0.0071209 0.0101866 0.0016527 0.0081164 0.0071209 0.0008170 0.0135111 0.0071209 0.0033871 0.0025946 0.0112643 0.0061519 0.0091377 0.0184071 0.0071209 0.0033871 0.0025099 0.0052073 0.0101866 0.0016527 0.0071209 0.0123721 0.0008170 0.0155682 0.0091377 0.0091377 0.0081164 0.0081164 0.0052073 0.0052254 0.0052073 0.0123721 0.0089345 0.0081164 0.0071209 0.0052073 0.0028881 0.0146827 0.0184071 
Viburnum_burmanicum         0.0096752 0.0115133 0.0161511 0.0049494 0.0086622 0.0149934 0.0058437 0.0040762 0.0127703 0.0173040 0.0058437 0.0117027 0.0149934 0.0086622 0.0000010 0.0034544 0.0063415 0.0000000 0.0058437 0.0058437 0.0058437 0.0040762 0.0058437 0.0076994 0.0049494 0.0117027 0.0149934 0.0049494 0.0117027 0.0058437 0.0096497 0.0129119 0.0096497 0.0058437 0.0067597 0.0161511 0.0120841 0.0007789 0.0096497 0.0117027 0.0161511 0.0076994 0.0086622 0.0058437 0.0106629 0.0015746 0.0117027 0.0158149 0.0096497 0.0106629 0.0149934 0.0086622 0.0086622 0.0106629 0.0076994 0.0059278 0.0096497 0.0049494 0.0058437 0.0106629 0.0086622 0.0049494 0.0117027 0.0058437 0.0049494 0.0058682 0.0040762 0.0000010 0.0096497 0.0161511 0.0058437 0.0049494 0.0058437 0.0076994 0.0049494 0.0040762 0.0086622 0.0106629 0.0049494 0.0153390 0.0058437 0.0096497 0.0106629 0.0049494 0.0007789 0.0007789 0.0058437 0.0096497 0.0092691 0.0096497 0.0076994 0.0058437 0.0038851 0.0117027 0.0138668 
Viburnum_calvum             0.0103766 0.0098676 0.0179674 0.0094020 0.0075371 0.0167904 0.0000010 0.0093939 0.0123856 0.0179655 0.0056823 0.0113546 0.0145296 0.0048143 0.0084141 0.0025592 0.0052073 0.0058437 0.0000000 0.0056823 0.0084141 0.0056823 0.0023269 0.0113546 0.0103497 0.0093699 0.0168534 0.0023341 0.0093699 0.0000010 0.0074807 0.0146899 0.0084426 0.0056823 0.0039663 0.0179674 0.0117133 0.0074807 0.0074807 0.0113546 0.0179844 0.0065708 0.0075182 0.0065925 0.0084141 0.0065925 0.0103497 0.0110710 0.0074807 0.0084141 0.0167904 0.0103497 0.0103497 0.0084141 0.0065708 0.0066639 0.0093699 0.0123856 0.0056823 0.0103497 0.0048143 0.0048143 0.0113546 0.0093699 0.0074807 0.0040929 0.0093699 0.0084141 0.0074807 0.0156448 0.0113546 0.0031373 0.0065708 0.0093699 0.0123856 0.0056823 0.0084141 0.0084141 0.0048143 0.0165287 0.0113546 0.0113546 0.0103497 0.0103497 0.0074807 0.0048299 0.0074807 0.0084141 0.0092691 0.0093699 0.0093699 0.0074807 0.0025429 0.0103497 0.0156448 
Viburnum_carlesii           0.0056962 0.0098676 0.0191771 0.0094020 0.0075371 0.0179674 0.0056823 0.0084354 0.0156448 0.0205587 0.0000010 0.0084141 0.0156448 0.0084141 0.0056823 0.0016847 0.0000010 0.0058437 0.0056823 0.0000000 0.0039663 0.0015336 0.0031373 0.0084141 0.0074807 0.0103497 0.0145826 0.0007611 0.0103497 0.0031472 0.0084141 0.0158198 0.0084426 0.0065708 0.0065708 0.0191771 0.0127820 0.0048143 0.0084141 0.0123856 0.0179844 0.0093699 0.0075182 0.0065925 0.0093699 0.0065925 0.0134435 0.0169904 0.0084141 0.0113546 0.0179674 0.0074807 0.0074807 0.0093699 0.0093699 0.0023580 0.0065708 0.0093699 0.0015336 0.0074807 0.0084141 0.0007588 0.0123856 0.0065708 0.0031373 0.0023995 0.0103497 0.0056823 0.0084141 0.0167904 0.0065708 0.0039663 0.0023269 0.0048143 0.0093699 0.0015336 0.0074807 0.0113546 0.0007588 0.0141821 0.0084141 0.0084141 0.0074807 0.0074807 0.0048143 0.0048299 0.0048143 0.0113546 0.0079765 0.0084141 0.0065708 0.0048143 0.0025429 0.0134435 0.0167904 
Viburnum_cassinoides        0.0065871 0.0098676 0.0191771 0.0094020 0.0066198 0.0179674 0.0084141 0.0065871 0.0156448 0.0205587 0.0039663 0.0093699 0.0145296 0.0113546 0.0056823 0.0016847 0.0042859 0.0058437 0.0084141 0.0039663 0.0000000 0.0023269 0.0056823 0.0084141 0.0056823 0.0134435 0.0145826 0.0031472 0.0134435 0.0057008 0.0093699 0.0158198 0.0075056 0.0084141 0.0093699 0.0191771 0.0117133 0.0048143 0.0113546 0.0113546 0.0179844 0.0113546 0.0066034 0.0084426 0.0123856 0.0057008 0.0134435 0.0129508 0.0113546 0.0123856 0.0179674 0.0065708 0.0065708 0.0123856 0.0113546 0.0031797 0.0074807 0.0093699 0.0039663 0.0084141 0.0113546 0.0031373 0.0113546 0.0065708 0.0007588 0.0015809 0.0084141 0.0056823 0.0093699 0.0167904 0.0065708 0.0048143 0.0031373 0.0065708 0.0093699 0.0023269 0.0093699 0.0123856 0.0031373 0.0141821 0.0065708 0.0074807 0.0084141 0.0074807 0.0048143 0.0048299 0.0039663 0.0134435 0.0079765 0.0103497 0.0056823 0.0039663 0.0025429 0.0134435 0.0167904 
Viburnum_chinshanense       0.0056962 0.0067711 0.0191771 0.0075056 0.0057241 0.0179674 0.0056823 0.0065871 0.0156448 0.0205587 0.0015336 0.0084141 0.0156448 0.0084141 0.0039663 0.0000010 0.0016527 0.0040762 0.0056823 0.0015336 0.0023269 0.0000000 0.0031373 0.0065708 0.0056823 0.0123856 0.0145826 0.0007611 0.0123856 0.0031472 0.0084141 0.0158198 0.0065925 0.0065708 0.0065708 0.0191771 0.0127820 0.0031373 0.0103497 0.0123856 0.0179844 0.0093699 0.0057101 0.0065925 0.0113546 0.0048299 0.0134435 0.0169904 0.0103497 0.0113546 0.0179674 0.0056823 0.0056823 0.0113546 0.0093699 0.0023580 0.0065708 0.0074807 0.0015336 0.0074807 0.0084141 0.0007588 0.0123856 0.0048143 0.0015336 0.0023995 0.0084141 0.0039663 0.0084141 0.0167904 0.0065708 0.0023269 0.0023269 0.0048143 0.0074807 0.0000010 0.0074807 0.0113546 0.0007588 0.0141821 0.0065708 0.0065708 0.0074807 0.0056823 0.0031373 0.0031472 0.0031373 0.0113546 0.0055157 0.0084141 0.0048143 0.0031373 0.0000010 0.0134435 0.0167904 
Viburnum_cinnamomifolium    0.0074994 0.0098676 0.0217005 0.0094020 0.0075371 0.0204206 0.0023269 0.0084354 0.0156448 0.0219148 0.0031373 0.0084141 0.0179674 0.0074807 0.0056823 0.0025592 0.0025099 0.0058437 0.0023269 0.0031373 0.0056823 0.0031373 0.0000000 0.0084141 0.0074807 0.0123856 0.0168534 0.0023341 0.0123856 0.0000010 0.0084141 0.0181740 0.0084426 0.0065708 0.0065708 0.0217005 0.0150074 0.0048143 0.0103497 0.0145296 0.0204405 0.0093699 0.0075182 0.0065925 0.0113546 0.0065925 0.0134435 0.0169904 0.0103497 0.0113546 0.0204206 0.0074807 0.0074807 0.0113546 0.0093699 0.0040205 0.0065708 0.0093699 0.0031373 0.0074807 0.0074807 0.0023269 0.0145296 0.0065708 0.0048143 0.0040929 0.0103497 0.0056823 0.0084141 0.0191771 0.0084141 0.0007588 0.0039663 0.0065708 0.0093699 0.0031373 0.0056823 0.0113546 0.0023269 0.0165287 0.0084141 0.0084141 0.0074807 0.0074807 0.0048143 0.0048299 0.0048143 0.0113546 0.0092691 0.0065708 0.0065708 0.0048143 0.0025429 0.0134435 0.0191771 
Viburnum_clemensae          0.0124186 0.0150216 0.0217005 0.0113945 0.0094424 0.0204206 0.0113546 0.0084354 0.0179674 0.0233110 0.0084141 0.0123856 0.0191771 0.0145296 0.0074807 0.0062789 0.0091377 0.0076994 0.0113546 0.0084141 0.0084141 0.0065708 0.0084141 0.0000000 0.0074807 0.0179674 0.0168534 0.0075056 0.0179674 0.0084426 0.0123856 0.0181740 0.0124296 0.0103497 0.0123856 0.0217005 0.0161665 0.0065708 0.0156448 0.0156448 0.0204405 0.0113546 0.0094181 0.0084426 0.0167904 0.0075056 0.0156448 0.0169904 0.0156448 0.0145296 0.0204206 0.0093699 0.0093699 0.0167904 0.0113546 0.0085364 0.0103497 0.0074807 0.0084141 0.0113546 0.0145296 0.0074807 0.0156448 0.0065708 0.0074807 0.0086999 0.0103497 0.0074807 0.0145296 0.0204206 0.0103497 0.0074807 0.0084141 0.0084141 0.0074807 0.0065708 0.0093699 0.0145296 0.0074807 0.0165287 0.0084141 0.0123856 0.0113546 0.0093699 0.0065708 0.0065925 0.0084141 0.0134435 0.0119903 0.0103497 0.0103497 0.0084141 0.0097985 0.0156448 0.0191771 
Viburnum_colebrookeanum     0.0113845 0.0150216 0.0204206 0.0048299 0.0084784 0.0191771 0.0103497 0.0007605 0.0167904 0.0219148 0.0074807 0.0113546 0.0179674 0.0134435 0.0048143 0.0043722 0.0081164 0.0049494 0.0103497 0.0074807 0.0056823 0.0056823 0.0074807 0.0074807 0.0000000 0.0167904 0.0157027 0.0065925 0.0167904 0.0075056 0.0113546 0.0169808 0.0094020 0.0093699 0.0113546 0.0204206 0.0150074 0.0039663 0.0145296 0.0145296 0.0191955 0.0103497 0.0084569 0.0039789 0.0156448 0.0048299 0.0145296 0.0191637 0.0145296 0.0156448 0.0191771 0.0084141 0.0084141 0.0156448 0.0103497 0.0075879 0.0093699 0.0031373 0.0074807 0.0103497 0.0134435 0.0065708 0.0145296 0.0039663 0.0048143 0.0058682 0.0023269 0.0048143 0.0113546 0.0191771 0.0039663 0.0065708 0.0074807 0.0093699 0.0031373 0.0056823 0.0084141 0.0156448 0.0065708 0.0153390 0.0007588 0.0093699 0.0103497 0.0048143 0.0039663 0.0039789 0.0039663 0.0145296 0.0119903 0.0093699 0.0074807 0.0039663 0.0067256 0.0145296 0.0179674 
Viburnum_coriaceum          0.0156882 0.0168937 0.0113546 0.0157027 0.0146495 0.0103497 0.0093699 0.0156882 0.0103497 0.0120953 0.0103497 0.0191771 0.0074807 0.0113546 0.0145296 0.0093341 0.0112643 0.0117027 0.0093699 0.0103497 0.0134435 0.0123856 0.0123856 0.0179674 0.0167904 0.0000000 0.0103856 0.0084426 0.0000010 0.0094020 0.0145296 0.0085000 0.0157027 0.0113546 0.0093699 0.0113546 0.0049535 0.0134435 0.0015336 0.0048143 0.0113646 0.0123856 0.0146093 0.0124296 0.0007588 0.0113945 0.0084141 0.0059190 0.0015336 0.0048143 0.0103497 0.0179674 0.0179674 0.0023269 0.0123856 0.0115261 0.0167904 0.0191771 0.0123856 0.0179674 0.0113546 0.0113546 0.0048143 0.0156448 0.0123856 0.0086999 0.0156448 0.0145296 0.0134435 0.0093699 0.0145296 0.0134435 0.0113546 0.0156448 0.0191771 0.0123856 0.0167904 0.0048143 0.0113546 0.0098575 0.0179674 0.0191771 0.0179674 0.0167904 0.0134435 0.0103856 0.0145296 0.0065708 0.0164498 0.0179674 0.0167904 0.0145296 0.0082315 0.0084141 0.0093699 
Viburnum_corylifolium       0.0218515 0.0252938 0.0007611 0.0180357 0.0181219 0.0000010 0.0168534 0.0168534 0.0124296 0.0008039 0.0145826 0.0192510 0.0039789 0.0192510 0.0157027 0.0126494 0.0159518 0.0149934 0.0168534 0.0145826 0.0145826 0.0145826 0.0168534 0.0168534 0.0157027 0.0103856 0.0000000 0.0157027 0.0103856 0.0168534 0.0192510 0.0031772 0.0168534 0.0168534 0.0168534 0.0007611 0.0067884 0.0145826 0.0084426 0.0065925 0.0007611 0.0168534 0.0180701 0.0192510 0.0094020 0.0180357 0.0124296 0.0076059 0.0084426 0.0124296 0.0000010 0.0180357 0.0180357 0.0094020 0.0168534 0.0171264 0.0192510 0.0180357 0.0168534 0.0205004 0.0192510 0.0157027 0.0065925 0.0168534 0.0134920 0.0139313 0.0168534 0.0157027 0.0157027 0.0048299 0.0134920 0.0157027 0.0168534 0.0168534 0.0180357 0.0145826 0.0157027 0.0124296 0.0157027 0.0000010 0.0168534 0.0168534 0.0205004 0.0180357 0.0145826 0.0145826 0.0145826 0.0124296 0.0232213 0.0168534 0.0168534 0.0145826 0.0149094 0.0124296 0.0023341 
Viburnum_cotinifolium       0.0048415 0.0082885 0.0168534 0.0084426 0.0066198 0.0157027 0.0023341 0.0075056 0.0113945 0.0180376 0.0007611 0.0075056 0.0134920 0.0048299 0.0048299 0.0008327 0.0008197 0.0049494 0.0023341 0.0007611 0.0031472 0.0007611 0.0023341 0.0075056 0.0065925 0.0084426 0.0157027 0.0000000 0.0084426 0.0023341 0.0057008 0.0136395 0.0075056 0.0039789 0.0031472 0.0168534 0.0107105 0.0039789 0.0065925 0.0103856 0.0168534 0.0057008 0.0066034 0.0057008 0.0075056 0.0057008 0.0094020 0.0111416 0.0065925 0.0075056 0.0157027 0.0065925 0.0065925 0.0075056 0.0057008 0.0015587 0.0057008 0.0084426 0.0007611 0.0065925 0.0048299 0.0000010 0.0103856 0.0057008 0.0023341 0.0015809 0.0075056 0.0048299 0.0057008 0.0145826 0.0075056 0.0031472 0.0015383 0.0039789 0.0084426 0.0007611 0.0065925 0.0075056 0.0000010 0.0153390 0.0075056 0.0075056 0.0065925 0.0065925 0.0039789 0.0039789 0.0039789 0.0075056 0.0067256 0.0075056 0.0057008 0.0039789 0.0012484 0.0094020 0.0145826 
Viburnum_cylindricum        0.0156882 0.0168937 0.0113546 0.0157027 0.0146495 0.0103497 0.0093699 0.0156882 0.0103497 0.0120953 0.0103497 0.0191771 0.0074807 0.0113546 0.0145296 0.0093341 0.0112643 0.0117027 0.0093699 0.0103497 0.0134435 0.0123856 0.0123856 0.0179674 0.0167904 0.0000010 0.0103856 0.0084426 0.0000000 0.0094020 0.0145296 0.0085000 0.0157027 0.0113546 0.0093699 0.0113546 0.0049535 0.0134435 0.0015336 0.0048143 0.0113646 0.0123856 0.0146093 0.0124296 0.0007588 0.0113945 0.0084141 0.0059190 0.0015336 0.0048143 0.0103497 0.0179674 0.0179674 0.0023269 0.0123856 0.0115261 0.0167904 0.0191771 0.0123856 0.0179674 0.0113546 0.0113546 0.0048143 0.0156448 0.0123856 0.0086999 0.0156448 0.0145296 0.0134435 0.0093699 0.0145296 0.0134435 0.0113546 0.0156448 0.0191771 0.0123856 0.0167904 0.0048143 0.0113546 0.0098575 0.0179674 0.0191771 0.0179674 0.0167904 0.0134435 0.0103856 0.0145296 0.0065708 0.0164498 0.0179674 0.0167904 0.0145296 0.0082315 0.0084141 0.0093699 
Viburnum_davidii            0.0075245 0.0098676 0.0180357 0.0094020 0.0075371 0.0168534 0.0000010 0.0084426 0.0124296 0.0180376 0.0031472 0.0084426 0.0145826 0.0048299 0.0057008 0.0025592 0.0025183 0.0058437 0.0000010 0.0031472 0.0057008 0.0031472 0.0000010 0.0084426 0.0075056 0.0094020 0.0168534 0.0023341 0.0094020 0.0000000 0.0065925 0.0147442 0.0084426 0.0048299 0.0039789 0.0180357 0.0117557 0.0048299 0.0075056 0.0113945 0.0180357 0.0065925 0.0075182 0.0065925 0.0084426 0.0065925 0.0103856 0.0111416 0.0075056 0.0084426 0.0168534 0.0075056 0.0075056 0.0084426 0.0065925 0.0040335 0.0065925 0.0094020 0.0031472 0.0075056 0.0048299 0.0023341 0.0113945 0.0065925 0.0048299 0.0040929 0.0084426 0.0057008 0.0065925 0.0157027 0.0084426 0.0007611 0.0039789 0.0065925 0.0094020 0.0031472 0.0057008 0.0084426 0.0023341 0.0165287 0.0084426 0.0084426 0.0075056 0.0075056 0.0048299 0.0048299 0.0048299 0.0084426 0.0092691 0.0065925 0.0065925 0.0048299 0.0025429 0.0103856 0.0157027 
Viburnum_dentatum           0.0124186 0.0053134 0.0217005 0.0134920 0.0039948 0.0204206 0.0074807 0.0103766 0.0134435 0.0233110 0.0084141 0.0065708 0.0156448 0.0084141 0.0113546 0.0043722 0.0091377 0.0096497 0.0074807 0.0084141 0.0093699 0.0084141 0.0084141 0.0123856 0.0113546 0.0145296 0.0192510 0.0057008 0.0145296 0.0065925 0.0000000 0.0181740 0.0048299 0.0084141 0.0065708 0.0217005 0.0127820 0.0103497 0.0123856 0.0123856 0.0217219 0.0113546 0.0039852 0.0103856 0.0134435 0.0103856 0.0113546 0.0092763 0.0123856 0.0113546 0.0204206 0.0056823 0.0056823 0.0134435 0.0113546 0.0085364 0.0048143 0.0145296 0.0084141 0.0056823 0.0084141 0.0074807 0.0123856 0.0123856 0.0084141 0.0058682 0.0103497 0.0113546 0.0084141 0.0167904 0.0123856 0.0093699 0.0084141 0.0103497 0.0145296 0.0084141 0.0134435 0.0113546 0.0074807 0.0190118 0.0123856 0.0065708 0.0056823 0.0134435 0.0103497 0.0084426 0.0084141 0.0113546 0.0043437 0.0145296 0.0048143 0.0084141 0.0067256 0.0113546 0.0191771 
Viburnum_dilatatum          0.0233670 0.0213120 0.0023488 0.0158791 0.0159537 0.0031671 0.0146899 0.0158642 0.0104581 0.0024605 0.0158198 0.0206620 0.0075561 0.0169808 0.0169808 0.0105283 0.0171293 0.0129119 0.0146899 0.0158198 0.0158198 0.0158198 0.0181740 0.0181740 0.0169808 0.0085000 0.0031772 0.0136395 0.0085000 0.0147442 0.0181740 0.0000000 0.0147442 0.0158198 0.0146899 0.0023488 0.0049535 0.0158198 0.0066363 0.0048612 0.0023506 0.0125187 0.0159088 0.0170452 0.0075561 0.0158791 0.0104581 0.0092763 0.0066363 0.0104581 0.0031671 0.0194006 0.0194006 0.0075561 0.0125187 0.0182614 0.0206620 0.0194006 0.0181740 0.0219607 0.0169808 0.0169808 0.0048612 0.0181740 0.0146899 0.0118849 0.0158198 0.0169808 0.0169808 0.0031671 0.0146899 0.0169808 0.0181740 0.0158198 0.0194006 0.0158198 0.0169808 0.0104581 0.0169808 0.0033196 0.0181740 0.0181740 0.0219607 0.0194006 0.0158198 0.0125637 0.0135899 0.0104581 0.0200229 0.0181740 0.0181740 0.0135899 0.0116306 0.0104581 0.0007657 
Viburnum_disjunctum         0.0135285 0.0039104 0.0180357 0.0134920 0.0023432 0.0168534 0.0084426 0.0103856 0.0168534 0.0193216 0.0084426 0.0048299 0.0168534 0.0094020 0.0094020 0.0053134 0.0091712 0.0096497 0.0084426 0.0084426 0.0075056 0.0065925 0.0084426 0.0124296 0.0094020 0.0157027 0.0168534 0.0075056 0.0157027 0.0084426 0.0048299 0.0147442 0.0000000 0.0103856 0.0075056 0.0180357 0.0139313 0.0084426 0.0134920 0.0134920 0.0180357 0.0103856 0.0023378 0.0124296 0.0145826 0.0103856 0.0145826 0.0130354 0.0134920 0.0145826 0.0168534 0.0023341 0.0023341 0.0145826 0.0103856 0.0095408 0.0031472 0.0134920 0.0084426 0.0039789 0.0094020 0.0075056 0.0134920 0.0103856 0.0065925 0.0077325 0.0103856 0.0094020 0.0103856 0.0157027 0.0103856 0.0075056 0.0094020 0.0124296 0.0134920 0.0065925 0.0113945 0.0145826 0.0075056 0.0165287 0.0103856 0.0000010 0.0039789 0.0113945 0.0084426 0.0084426 0.0065925 0.0145826 0.0032078 0.0124296 0.0015383 0.0065925 0.0082315 0.0145826 0.0157027 
Viburnum_edule              0.0103766 0.0132297 0.0191771 0.0094020 0.0094424 0.0179674 0.0056823 0.0084354 0.0134435 0.0205587 0.0065708 0.0123856 0.0167904 0.0084141 0.0074807 0.0043722 0.0071209 0.0058437 0.0056823 0.0065708 0.0084141 0.0065708 0.0065708 0.0103497 0.0093699 0.0113546 0.0168534 0.0039789 0.0113546 0.0048299 0.0084141 0.0158198 0.0103856 0.0000000 0.0065708 0.0191771 0.0138797 0.0065708 0.0093699 0.0134435 0.0191955 0.0074807 0.0094181 0.0048299 0.0103497 0.0075056 0.0113546 0.0129508 0.0093699 0.0103497 0.0179674 0.0113546 0.0113546 0.0103497 0.0074807 0.0066639 0.0103497 0.0113546 0.0065708 0.0113546 0.0084141 0.0056823 0.0134435 0.0065708 0.0074807 0.0049699 0.0084141 0.0074807 0.0048143 0.0179674 0.0103497 0.0074807 0.0065708 0.0084141 0.0113546 0.0065708 0.0093699 0.0103497 0.0056823 0.0165287 0.0103497 0.0123856 0.0113546 0.0093699 0.0065708 0.0048299 0.0084141 0.0093699 0.0119903 0.0103497 0.0103497 0.0084141 0.0052783 0.0113546 0.0167904 
Viburnum_ellipticum         0.0113845 0.0067711 0.0179674 0.0103856 0.0066198 0.0167904 0.0039663 0.0103766 0.0134435 0.0192432 0.0065708 0.0103497 0.0145296 0.0015336 0.0093699 0.0025592 0.0071209 0.0067597 0.0039663 0.0065708 0.0093699 0.0065708 0.0065708 0.0123856 0.0113546 0.0093699 0.0168534 0.0031472 0.0093699 0.0039789 0.0065708 0.0146899 0.0075056 0.0065708 0.0000000 0.0179674 0.0117133 0.0084141 0.0074807 0.0113546 0.0179844 0.0074807 0.0066034 0.0075056 0.0084141 0.0075056 0.0113546 0.0129508 0.0074807 0.0056823 0.0167904 0.0093699 0.0093699 0.0084141 0.0074807 0.0075879 0.0084141 0.0134435 0.0065708 0.0093699 0.0015336 0.0056823 0.0113546 0.0103497 0.0084141 0.0049699 0.0103497 0.0093699 0.0065708 0.0156448 0.0103497 0.0074807 0.0074807 0.0103497 0.0134435 0.0065708 0.0113546 0.0056823 0.0056823 0.0153390 0.0123856 0.0103497 0.0093699 0.0113546 0.0084141 0.0057008 0.0084141 0.0093699 0.0067256 0.0123856 0.0084141 0.0084141 0.0025429 0.0113546 0.0156448 
Viburnum_erosum             0.0272813 0.0276503 0.0000010 0.0192510 0.0193442 0.0007588 0.0179674 0.0192325 0.0134435 0.0000010 0.0191771 0.0243697 0.0048143 0.0204206 0.0204206 0.0138184 0.0210792 0.0161511 0.0179674 0.0191771 0.0191771 0.0191771 0.0217005 0.0217005 0.0204206 0.0113546 0.0007611 0.0168534 0.0113546 0.0180357 0.0217005 0.0023488 0.0180357 0.0191771 0.0179674 0.0000000 0.0077060 0.0191771 0.0093699 0.0074807 0.0000010 0.0156448 0.0192882 0.0205004 0.0103497 0.0192510 0.0134435 0.0092763 0.0093699 0.0134435 0.0007588 0.0230162 0.0230162 0.0103497 0.0156448 0.0220709 0.0243697 0.0230162 0.0217005 0.0257625 0.0204206 0.0204206 0.0074807 0.0217005 0.0179674 0.0150641 0.0191771 0.0204206 0.0179674 0.0039663 0.0179674 0.0204206 0.0217005 0.0191771 0.0230162 0.0191771 0.0204206 0.0134435 0.0204206 0.0007937 0.0217005 0.0217005 0.0257625 0.0230162 0.0191771 0.0157027 0.0167904 0.0134435 0.0250825 0.0217005 0.0217005 0.0167904 0.0167647 0.0134435 0.0015336 
Viburnum_fansipanense       0.0174085 0.0178551 0.0077060 0.0162283 0.0128881 0.0067654 0.0117133 0.0139184 0.0106724 0.0079442 0.0127820 0.0198439 0.0023918 0.0138797 0.0150074 0.0075088 0.0135111 0.0120841 0.0117133 0.0127820 0.0117133 0.0127820 0.0150074 0.0161665 0.0150074 0.0049535 0.0067884 0.0107105 0.0049535 0.0117557 0.0127820 0.0049535 0.0139313 0.0138797 0.0117133 0.0077060 0.0000000 0.0138797 0.0032259 0.0000010 0.0077126 0.0150074 0.0128525 0.0150641 0.0040796 0.0117557 0.0086697 0.0000010 0.0032259 0.0067654 0.0067654 0.0161665 0.0161665 0.0040796 0.0150074 0.0127820 0.0173581 0.0161665 0.0150074 0.0185835 0.0138797 0.0138797 0.0000010 0.0161665 0.0106724 0.0089735 0.0138797 0.0150074 0.0138797 0.0040796 0.0127820 0.0138797 0.0127820 0.0185835 0.0161665 0.0127820 0.0198439 0.0067654 0.0138797 0.0061465 0.0161665 0.0173581 0.0185835 0.0173581 0.0138797 0.0107105 0.0127820 0.0086697 0.0155885 0.0211418 0.0150074 0.0127820 0.0086472 0.0086697 0.0058485 
Viburnum_farreri            0.0084354 0.0115133 0.0191771 0.0057008 0.0075371 0.0179674 0.0074807 0.0048260 0.0156448 0.0205587 0.0048143 0.0103497 0.0167904 0.0103497 0.0007588 0.0025592 0.0052073 0.0007789 0.0074807 0.0048143 0.0048143 0.0031373 0.0048143 0.0065708 0.0039663 0.0134435 0.0145826 0.0039789 0.0134435 0.0048299 0.0103497 0.0158198 0.0084426 0.0065708 0.0084141 0.0191771 0.0138797 0.0000000 0.0113546 0.0134435 0.0179844 0.0093699 0.0075182 0.0048299 0.0123856 0.0023341 0.0134435 0.0191637 0.0113546 0.0123856 0.0179674 0.0074807 0.0074807 0.0123856 0.0093699 0.0048809 0.0084141 0.0056823 0.0048143 0.0093699 0.0103497 0.0039663 0.0134435 0.0048143 0.0039663 0.0049699 0.0065708 0.0007588 0.0103497 0.0179674 0.0048143 0.0039663 0.0048143 0.0065708 0.0056823 0.0031373 0.0074807 0.0123856 0.0039663 0.0141821 0.0048143 0.0084141 0.0093699 0.0039663 0.0000010 0.0000010 0.0048143 0.0113546 0.0092691 0.0084141 0.0065708 0.0048143 0.0038851 0.0134435 0.0167904 
Viburnum_flavescens         0.0134798 0.0168937 0.0093699 0.0134920 0.0124851 0.0084141 0.0074807 0.0134798 0.0084141 0.0099648 0.0084141 0.0167904 0.0056823 0.0093699 0.0123856 0.0072698 0.0091377 0.0096497 0.0074807 0.0084141 0.0113546 0.0103497 0.0103497 0.0156448 0.0145296 0.0015336 0.0084426 0.0065925 0.0015336 0.0075056 0.0123856 0.0066363 0.0134920 0.0093699 0.0074807 0.0093699 0.0032259 0.0113546 0.0000000 0.0031373 0.0093779 0.0103497 0.0124518 0.0103856 0.0007588 0.0094020 0.0065708 0.0028389 0.0000010 0.0031373 0.0084141 0.0156448 0.0156448 0.0007588 0.0103497 0.0095077 0.0145296 0.0167904 0.0103497 0.0156448 0.0093699 0.0093699 0.0031373 0.0134435 0.0103497 0.0067884 0.0134435 0.0123856 0.0113546 0.0074807 0.0123856 0.0113546 0.0093699 0.0134435 0.0167904 0.0103497 0.0145296 0.0031373 0.0093699 0.0078609 0.0156448 0.0167904 0.0156448 0.0145296 0.0113546 0.0084426 0.0123856 0.0048143 0.0149094 0.0156448 0.0145296 0.0123856 0.0082315 0.0065708 0.0074807 
Viburnum_foetidum           0.0168376 0.0168937 0.0074807 0.0157027 0.0124851 0.0065708 0.0113546 0.0134798 0.0103497 0.0079442 0.0123856 0.0191771 0.0023269 0.0134435 0.0145296 0.0072698 0.0135111 0.0117027 0.0113546 0.0123856 0.0113546 0.0123856 0.0145296 0.0156448 0.0145296 0.0048143 0.0065925 0.0103856 0.0048143 0.0113945 0.0123856 0.0048612 0.0134920 0.0134435 0.0113546 0.0074807 0.0000010 0.0134435 0.0031373 0.0000000 0.0074869 0.0145296 0.0124518 0.0145826 0.0039663 0.0113945 0.0084141 0.0000010 0.0031373 0.0065708 0.0065708 0.0156448 0.0156448 0.0039663 0.0145296 0.0125750 0.0167904 0.0156448 0.0145296 0.0179674 0.0134435 0.0134435 0.0000010 0.0156448 0.0103497 0.0086999 0.0134435 0.0145296 0.0134435 0.0039663 0.0123856 0.0134435 0.0123856 0.0179674 0.0156448 0.0123856 0.0191771 0.0065708 0.0134435 0.0059632 0.0156448 0.0167904 0.0179674 0.0167904 0.0134435 0.0103856 0.0123856 0.0084141 0.0149094 0.0204206 0.0145296 0.0123856 0.0082315 0.0084141 0.0056823 
